p0
2 3 4 7 9 10 11 12 13 14 19 21 23 24 29 30 31 33 37 39 42 44 45 47 49 50 52 53 55 58 66 67 68 69 70 73 74 75 76 78 80 81 84 85 87 89 91 93 1
1 3 7 8 9 12 15 16 20 21 24 25 26 29 34 36 38 40 41 42 45 46 47 51 52 53 56 57 59 62 65 67 68 71 73 74 76 77 78 81 82 83 84 85 87 90 91 94 95 96 97 100 2
1 2 5 7 8 9 10 12 13 14 16 17 18 19 21 23 24 25 26 28 30 34 35 41 42 43 44 45 55 56 57 58 60 61 62 68 70 72 73 75 78 80 83 89 91 92 93 94 95 96 100 3
1 7 10 13 15 17 18 19 20 22 25 26 29 34 35 36 38 41 42 46 48 49 50 51 52 53 54 56 57 59 63 66 67 68 69 71 72 75 76 77 78 80 81 87 88 89 90 93 97 99 4
3 6 8 9 10 11 18 19 23 27 36 39 41 46 48 50 55 56 58 59 60 64 65 67 68 73 75 79 80 81 82 83 87 89 90 91 92 96 100 5
5 8 9 11 12 14 16 17 18 20 21 22 24 26 27 28 30 33 37 38 39 41 42 44 46 48 49 52 54 56 57 58 61 62 66 67 70 71 72 73 76 79 80 82 86 88 92 94 97 98 6
2 3 5 6 10 11 13 15 16 23 27 28 29 30 31 32 33 35 38 39 40 42 43 45 46 50 52 54 57 58 59 61 63 65 66 67 69 72 73 75 76 78 79 80 82 87 90 92 93 95 96 97 100 8
1 2 3 5 6 7 10 11 12 13 18 19 20 21 22 24 25 26 27 28 29 31 32 33 35 39 41 51 52 53 54 59 62 63 66 68 69 70 73 74 76 78 79 80 81 82 84 87 91 92 96 97 100 9
1 3 4 5 7 8 9 14 15 17 18 20 21 22 23 25 27 29 33 34 36 37 38 40 41 42 43 44 49 53 54 56 60 61 62 66 69 70 71 72 74 79 80 82 85 86 87 91 95 96 98 99 10
1 5 6 7 8 9 12 14 17 18 20 28 34 36 37 38 40 41 42 44 47 49 51 56 57 58 59 61 64 65 67 68 69 73 75 77 78 79 83 84 85 86 87 89 90 91 92 93 96 97 98 99 11
1 2 3 6 7 9 11 13 20 21 24 25 26 29 30 31 32 34 36 37 40 41 44 45 46 49 50 55 56 60 61 63 65 68 69 71 72 75 78 81 84 89 90 91 93 100 12
1 3 4 7 8 9 12 15 17 18 19 20 21 23 25 26 27 28 36 38 40 41 47 48 49 54 56 58 61 63 70 71 73 74 75 76 77 79 80 81 82 83 86 87 90 95 98 13
1 3 6 10 11 16 17 18 19 22 23 24 27 28 29 30 31 34 36 37 41 42 45 46 47 54 59 62 63 64 66 67 71 72 73 75 76 77 79 80 81 83 84 86 87 88 90 91 92 94 95 96 98 100 14
2 4 8 10 13 17 18 19 24 26 30 32 33 34 36 37 38 39 40 41 44 47 48 49 51 54 55 56 57 59 64 67 69 73 74 75 76 77 78 79 81 82 83 84 86 87 88 89 91 94 95 96 99 100 15
2 3 6 8 14 17 18 20 22 23 24 25 26 27 29 31 32 33 35 36 38 44 45 46 47 48 49 50 54 55 58 59 60 61 64 67 68 72 74 75 76 77 78 79 81 82 85 86 87 90 93 97 98 99 16
3 4 6 10 11 13 14 15 16 19 20 21 24 29 30 31 32 33 34 36 40 41 42 44 47 48 50 51 54 55 59 60 64 65 66 68 71 72 74 75 76 77 78 80 81 83 85 86 90 91 93 95 98 100 17
3 4 5 6 9 10 11 13 14 15 16 20 21 22 23 25 27 29 31 32 33 36 38 39 40 47 49 52 53 54 56 58 59 60 61 63 64 65 66 67 68 74 75 77 79 80 81 83 84 85 91 93 95 97 98 99 18
1 3 4 5 9 13 14 15 17 26 28 32 34 35 39 40 43 46 47 48 50 51 53 56 62 63 66 68 70 71 72 73 77 79 83 84 85 86 87 88 93 94 99 19
2 4 6 9 10 11 12 13 16 17 18 22 23 24 25 28 29 30 31 32 34 35 36 37 38 40 41 42 44 46 47 50 55 56 57 58 60 67 68 71 73 74 75 76 77 85 87 90 91 92 94 96 99 100 20
1 2 3 6 9 10 12 13 17 18 22 24 25 27 28 29 31 33 34 35 40 41 42 43 44 45 46 47 50 54 57 58 60 64 65 68 70 71 73 74 75 76 79 80 81 83 84 85 87 88 92 94 95 96 97 98 99 21
4 6 9 10 14 16 18 20 21 23 27 29 31 32 36 37 39 40 41 45 47 48 51 52 54 55 59 60 61 63 64 65 66 67 68 71 72 77 80 82 83 87 88 90 94 95 96 97 98 99 100 22
1 3 5 7 8 10 13 14 16 18 20 22 33 34 36 38 39 40 42 43 45 50 52 54 56 59 62 64 66 67 69 70 71 72 73 76 78 79 82 83 85 86 87 89 90 93 98 100 23
1 2 3 6 7 9 12 14 15 16 17 20 21 25 26 28 29 30 32 33 38 39 41 42 43 44 45 49 51 52 55 56 59 61 62 63 64 65 66 69 70 71 73 74 76 77 79 80 86 88 91 95 97 99 24
2 3 4 7 9 10 12 13 16 18 20 21 24 27 29 31 33 35 36 40 41 42 43 46 47 49 50 53 55 56 57 60 63 64 65 70 72 74 75 76 83 87 88 89 91 96 99 25
2 3 4 6 9 12 13 15 16 19 24 27 30 31 33 34 35 37 38 40 41 43 44 46 47 49 52 54 60 61 63 64 65 68 69 71 74 75 76 79 81 83 84 87 88 90 92 93 95 96 97 26
5 6 7 8 9 10 13 14 16 18 21 22 25 26 30 32 33 35 36 37 41 43 45 48 51 52 53 55 56 57 58 59 64 65 66 73 76 79 81 84 86 93 94 95 96 97 99 100 27
3 6 7 8 9 11 13 14 19 20 21 24 30 31 32 34 36 37 41 46 49 52 57 60 63 64 69 70 72 73 74 75 78 82 83 84 85 86 87 88 92 93 97 100 28
1 2 4 8 9 10 12 14 16 17 18 20 21 22 24 25 30 33 34 37 38 40 41 46 47 51 54 56 58 59 64 65 66 67 69 70 71 73 75 77 78 79 80 81 84 87 88 90 91 92 95 96 98 29
1 3 6 8 12 14 15 17 20 24 26 27 28 29 33 34 37 39 40 46 48 49 50 54 56 57 58 59 61 62 67 69 70 74 75 76 81 83 84 85 87 89 93 100 30
1 8 9 12 14 16 17 18 20 21 22 25 26 28 33 34 37 38 39 42 44 45 46 47 48 50 55 62 63 64 65 66 67 70 71 72 73 76 80 82 83 84 86 87 91 92 93 31
7 8 9 12 15 16 17 18 19 20 22 24 27 28 33 34 36 38 39 42 43 44 47 49 50 51 52 55 56 57 61 63 64 66 67 68 69 70 71 73 74 76 78 81 87 89 92 93 94 96 97 99 100 32
1 6 8 9 10 15 16 17 18 21 23 24 25 26 27 29 30 31 32 38 40 41 43 45 46 47 50 57 59 60 62 63 64 66 70 71 73 74 80 81 85 86 88 91 92 94 100 33
2 3 4 10 11 12 14 15 17 19 20 21 23 26 28 29 30 31 32 38 41 42 44 47 48 51 54 56 57 59 61 65 70 72 75 76 80 81 82 86 88 89 90 91 94 96 99 100 34
3 4 7 8 9 16 19 20 21 25 26 27 39 40 41 42 43 44 46 55 57 58 59 60 66 68 69 70 71 72 73 74 75 77 78 80 83 86 87 89 90 91 93 95 35
2 4 5 7 10 11 12 13 14 15 16 17 18 20 22 23 25 27 28 32 37 39 41 44 47 49 50 51 52 53 54 55 57 58 59 62 65 68 69 70 72 73 75 76 78 79 80 81 82 83 84 88 89 90 93 95 100 36
2 4 6 8 10 11 13 15 16 18 20 23 24 26 29 31 32 33 34 37 39 40 42 43 46 47 49 51 54 55 57 58 60 62 64 65 66 70 71 72 74 77 78 80 83 84 85 86 87 88 89 90 91 95 96 97 99 100 38
1 5 6 7 8 9 15 18 19 22 23 24 30 31 32 35 36 38 41 42 43 44 46 47 49 52 53 54 56 57 58 59 60 62 63 65 66 71 72 76 78 80 82 87 92 94 98 39
2 7 8 10 11 12 13 15 17 18 19 20 21 22 23 25 26 29 30 33 35 37 38 41 42 45 46 50 51 52 53 56 57 60 63 70 71 73 74 75 78 79 80 82 83 87 91 92 94 95 96 99 40
2 3 4 5 6 9 10 11 12 13 14 15 17 20 21 22 24 25 26 27 28 29 33 34 35 36 37 39 40 42 45 47 48 49 50 53 55 56 60 63 65 67 68 69 70 71 74 76 77 78 80 85 87 89 92 93 94 95 97 99 41
1 2 3 4 6 7 8 10 11 14 17 20 21 23 24 25 31 32 34 35 37 38 39 40 41 44 46 47 48 49 50 63 64 66 67 68 70 77 80 81 84 85 86 88 89 94 96 97 98 99 42
3 8 10 19 21 23 24 25 26 27 32 33 35 37 38 39 46 47 49 50 51 54 55 58 62 63 64 65 66 68 73 75 77 78 79 80 81 85 88 91 92 93 95 97 100 43
1 3 6 10 11 12 15 16 17 20 21 24 26 31 32 34 35 36 37 39 42 47 49 50 57 61 62 64 67 68 74 75 81 84 85 88 89 91 92 93 95 97 99 100 44
1 2 3 7 8 12 14 16 21 22 23 24 27 31 33 37 40 41 47 48 49 50 51 53 54 56 62 63 65 66 67 71 75 76 77 78 79 82 86 89 90 91 97 98 99 45
2 4 5 6 8 12 14 16 19 20 21 25 26 28 29 30 31 33 35 38 39 40 42 43 49 52 53 57 62 64 70 72 74 75 77 78 82 83 89 90 92 96 97 98 100 46
1 2 11 13 14 15 16 17 18 19 20 21 22 25 26 29 31 32 33 34 36 37 38 39 41 42 43 44 45 50 52 53 57 60 67 68 70 71 73 76 77 81 83 84 85 86 87 90 94 96 97 100 47
4 5 6 13 15 16 17 19 22 27 30 31 34 37 41 42 45 49 50 51 54 56 57 59 60 61 63 66 67 68 72 75 77 79 80 81 83 84 86 87 91 92 93 95 98 48
1 4 6 10 11 12 13 15 16 18 24 25 26 28 30 32 36 38 39 41 42 43 44 45 46 48 50 51 53 54 55 56 60 61 62 63 64 66 68 69 72 74 75 76 78 79 80 81 82 88 91 92 93 95 98 99 49
1 4 5 7 8 12 16 17 19 20 21 23 25 30 31 32 33 36 40 41 42 43 44 45 47 48 49 52 56 58 59 60 62 63 65 70 71 72 74 75 76 78 88 90 91 93 95 96 97 99 50
2 4 9 11 15 17 19 22 24 27 29 32 34 36 38 40 43 45 48 49 53 54 56 57 58 60 62 64 69 73 74 77 79 81 82 84 85 89 90 91 92 93 94 51
1 2 4 6 7 8 9 18 22 23 24 26 27 28 32 36 39 40 46 47 50 53 55 56 58 61 62 64 70 71 72 74 76 77 79 82 83 85 88 95 96 97 99 52
1 2 4 9 10 18 19 25 27 36 37 39 40 41 45 46 47 49 51 52 54 55 57 58 59 60 66 69 74 75 77 83 85 88 89 91 92 93 94 100 53
4 6 8 9 10 13 14 15 16 17 18 21 22 23 26 29 30 34 36 37 38 39 43 45 48 49 51 53 57 59 63 67 69 70 71 72 74 75 76 79 80 86 87 88 89 95 97 98 100 54
1 3 5 12 15 16 17 20 22 24 25 27 31 32 35 36 37 38 41 43 49 52 53 56 57 61 62 64 66 68 69 71 72 73 76 77 80 83 84 85 88 91 92 93 96 97 98 99 100 55
2 3 4 5 6 7 10 11 12 13 15 18 19 20 23 24 25 27 29 30 32 34 37 39 40 41 45 48 49 50 51 52 55 59 61 64 69 70 71 73 76 83 85 86 88 89 91 93 95 56
2 3 4 6 7 8 11 15 20 21 25 27 28 30 32 33 34 35 36 38 39 40 44 46 47 48 51 53 54 55 58 59 60 61 62 63 64 66 69 70 71 72 74 77 78 83 84 85 87 89 91 93 97 99 57
1 3 5 6 8 11 13 16 18 20 21 27 29 30 35 36 38 39 43 50 51 52 53 57 59 62 67 68 69 70 71 73 74 76 78 83 85 86 87 88 89 93 97 98 99 100 58
2 4 5 7 8 9 11 14 15 16 17 18 22 23 24 27 29 30 33 34 35 36 37 39 48 50 53 54 56 57 58 60 61 67 68 69 71 76 81 84 85 87 90 91 92 94 95 96 100 59
3 5 7 10 12 16 17 18 20 21 22 25 26 28 33 35 37 38 39 40 41 47 48 49 50 51 53 57 59 62 64 65 66 67 70 73 74 76 77 78 79 80 81 83 85 86 88 89 90 91 92 93 96 98 100 60
3 6 7 8 10 11 12 13 16 18 22 24 26 30 32 34 44 48 49 52 55 56 57 59 62 67 70 71 73 75 76 81 82 83 84 85 87 89 91 92 93 94 95 96 97 98 99 100 61
2 3 6 7 9 10 14 19 23 24 30 31 33 36 37 38 39 43 44 45 46 49 50 51 52 55 57 58 60 61 63 64 65 67 69 70 73 75 83 84 86 88 89 93 94 98 99 100 62
4 8 9 12 13 14 18 19 22 24 25 26 28 31 32 33 37 39 40 41 42 43 45 48 49 50 54 57 62 64 65 66 68 73 74 75 76 78 79 81 82 83 88 91 94 96 98 100 63
5 7 11 14 15 16 17 18 21 22 23 24 25 26 27 28 29 31 32 33 37 38 42 43 44 46 49 51 52 55 56 57 60 62 63 65 66 68 69 71 73 74 75 76 77 80 82 84 86 92 93 96 97 64
2 5 7 8 11 12 17 18 21 22 24 25 26 27 29 31 34 36 37 38 39 41 43 45 50 60 62 63 64 69 70 71 73 75 77 79 80 84 85 88 89 90 91 94 95 96 97 100 65
1 4 6 7 8 9 10 14 17 18 19 22 23 24 27 29 31 32 33 35 37 38 39 42 43 45 48 49 53 55 57 60 63 64 70 73 74 79 80 82 83 84 89 93 94 95 96 97 99 100 66
1 2 4 5 6 8 11 14 15 16 18 20 22 23 29 30 31 32 37 41 42 44 45 47 48 54 58 59 60 61 62 68 71 72 74 76 79 82 83 84 85 88 89 90 92 93 94 95 99 100 67
1 2 3 4 5 7 9 11 12 16 17 18 19 20 21 22 26 32 35 36 41 42 43 44 47 48 49 55 58 59 63 64 67 70 72 74 77 78 81 85 86 87 88 90 91 92 94 100 68
1 4 7 8 9 10 11 12 15 23 24 26 28 29 30 32 35 36 41 49 51 53 54 55 56 57 58 59 62 64 65 72 75 77 78 82 86 89 90 91 92 96 100 69
1 3 6 9 10 13 19 21 23 24 25 28 29 30 31 32 33 34 35 36 38 40 41 42 46 47 50 52 54 56 57 58 60 61 62 65 66 68 71 72 74 75 76 78 80 81 83 85 90 92 94 96 97 98 99 70
2 4 6 7 10 12 13 14 17 19 20 21 22 23 24 26 29 31 32 33 35 38 39 40 41 45 47 50 52 54 55 56 57 58 59 61 64 65 67 70 77 79 84 85 88 91 95 96 97 71
3 4 6 7 8 10 12 14 16 17 19 22 23 25 28 31 34 35 36 37 38 39 46 48 49 50 52 54 55 57 67 68 69 70 76 78 80 85 86 87 89 91 92 94 95 72
1 2 3 5 6 7 8 9 11 13 14 15 19 20 21 23 24 27 28 29 31 32 33 35 36 37 40 43 47 51 55 56 58 60 61 62 63 64 65 66 74 76 78 83 84 86 88 92 93 95 96 97 73
1 2 7 9 10 13 15 16 17 18 20 21 24 25 26 28 30 32 33 35 37 38 40 41 44 46 49 50 51 52 53 54 57 58 60 63 64 66 67 68 70 73 77 79 81 82 84 86 87 88 89 91 93 94 95 97 98 99 100 74
1 3 4 5 7 8 11 12 13 14 15 16 17 18 20 21 25 26 28 29 30 34 35 36 37 40 43 44 45 46 48 49 50 53 54 61 62 63 64 65 69 70 76 79 84 85 86 87 89 90 91 93 95 96 99 75
1 2 4 6 7 8 9 13 14 15 16 17 20 21 23 24 25 26 27 30 31 32 34 36 37 39 41 45 47 49 50 52 54 55 56 58 59 60 61 63 64 67 70 72 73 75 77 78 79 81 84 87 88 90 92 94 95 96 97 98 99 100 76
2 4 7 11 13 14 15 16 17 18 19 20 22 24 29 35 37 38 41 42 43 45 46 47 48 51 52 53 55 57 60 64 65 68 69 71 74 76 78 79 82 83 84 86 89 92 93 98 77
1 2 3 4 7 8 9 11 12 15 16 17 23 28 29 32 35 36 37 38 39 40 41 43 45 46 49 50 57 58 60 63 68 69 70 72 73 76 77 81 83 85 86 89 94 96 78
5 6 8 9 10 11 13 14 15 16 18 19 21 23 24 26 27 29 36 37 40 43 45 48 49 51 52 54 60 63 65 66 67 71 74 75 76 77 81 83 84 86 87 91 92 93 94 95 97 99 79
1 3 4 5 6 8 9 10 13 14 17 18 21 22 24 29 31 33 34 35 36 38 39 40 41 42 43 48 49 54 55 60 64 65 66 70 72 81 83 84 85 86 88 90 93 94 97 98 99 100 80
1 2 4 5 9 12 13 14 15 16 17 18 21 26 27 29 30 32 33 34 36 37 42 43 44 47 48 49 51 59 60 61 63 68 70 74 76 78 79 80 82 83 84 85 86 87 88 89 90 91 94 95 96 98 99 81
2 5 6 8 9 10 13 15 16 22 23 28 31 34 36 39 40 45 46 49 51 52 61 63 64 66 67 69 74 77 81 83 88 89 90 91 92 94 97 98 99 100 82
2 3 5 7 11 13 14 15 17 18 19 21 22 23 25 26 28 30 31 35 36 37 38 40 46 47 48 52 53 55 56 57 58 60 61 62 63 66 67 70 73 77 78 79 80 81 82 85 86 87 88 89 92 94 95 99 100 83
1 2 7 9 11 12 14 15 18 19 21 26 27 28 29 30 31 36 38 42 44 47 48 51 55 57 59 61 62 64 65 66 67 71 73 74 75 76 77 79 80 81 85 87 90 91 92 96 97 98 99 100 84
1 2 10 11 16 17 18 19 20 21 23 28 30 33 37 38 41 42 43 44 47 51 52 53 55 56 57 58 59 60 61 65 67 68 70 71 72 75 78 80 81 83 84 87 88 89 93 94 95 99 100 85
6 7 10 11 13 14 15 16 17 19 23 24 27 28 31 33 34 35 38 42 45 47 48 54 56 58 60 62 64 68 69 72 73 74 75 77 78 79 80 81 83 87 88 89 90 91 92 96 98 100 86
1 2 4 5 8 9 10 11 13 14 15 16 19 20 21 22 23 25 26 28 29 30 31 32 35 37 38 39 40 41 47 48 54 57 58 59 61 68 72 74 75 76 79 81 83 84 85 86 88 89 90 91 97 98 100 87
4 6 14 15 19 21 22 24 25 26 28 29 33 34 36 37 38 42 43 44 49 50 52 53 54 55 56 58 60 62 63 65 67 68 71 73 74 76 80 81 82 83 85 86 87 90 92 95 99 100 88
1 3 4 5 7 11 12 15 23 25 30 32 34 35 36 37 38 41 42 44 45 46 51 53 54 56 57 58 60 61 62 65 66 67 69 72 74 75 77 78 81 82 83 85 86 87 91 92 93 96 97 100 89
2 4 5 8 11 12 13 14 16 17 20 22 23 26 29 34 35 36 38 45 46 47 50 51 59 60 65 67 68 69 70 75 76 80 81 82 84 86 87 88 91 92 93 96 90
1 2 3 5 7 9 10 11 12 14 15 17 18 20 24 25 29 31 33 34 35 37 38 40 43 44 45 48 49 50 51 53 55 56 57 59 60 61 63 65 68 69 71 72 74 75 79 81 82 84 86 87 89 90 92 93 98 91
3 5 6 7 8 9 11 14 20 21 26 28 29 31 32 33 37 39 40 41 43 44 46 48 49 51 53 55 59 60 61 64 67 68 69 70 72 73 76 77 79 82 83 84 86 88 89 90 91 93 94 95 96 100 92
1 3 4 8 11 12 16 17 18 19 23 26 27 28 30 31 32 35 36 37 41 43 44 48 49 50 51 53 55 56 57 58 60 61 62 64 66 67 73 74 75 77 79 80 85 89 90 91 92 94 95 93
2 3 5 7 8 9 10 11 14 15 20 21 22 25 26 27 29 32 34 37 38 40 42 46 47 50 52 55 59 60 61 63 64 65 66 69 70 71 73 75 76 78 81 84 86 89 90 92 94 97 100 96
2 4 6 8 9 11 16 18 21 22 24 26 27 28 32 37 38 41 42 43 44 45 46 47 50 52 54 55 57 58 61 64 65 66 70 71 73 74 76 79 80 82 84 87 89 96 99 97
6 7 10 11 13 14 16 17 18 21 22 23 29 39 42 45 46 48 49 54 55 58 60 61 62 63 70 74 76 77 80 81 82 84 86 87 91 94 95 99 100 98
4 10 11 15 16 18 19 20 21 22 24 25 27 32 34 37 38 40 41 42 44 45 49 50 52 55 57 58 61 62 66 67 70 74 75 76 79 80 81 82 83 84 85 88 97 98 100 99
2 3 5 7 8 9 12 14 15 17 20 22 23 27 28 30 32 33 34 36 38 43 44 46 47 53 54 55 58 59 60 61 62 63 65 66 67 68 69 74 76 80 82 83 84 85 86 87 88 89 92 96 98 99 100
2 3 4 7 10 11 12 13 21 24 25 27 32 35 36 40 43 45 50 52 56 57 59 61 65 66 68 71 72 73 74 75 76 77 83 86 88 89 91 92 94 95 98 100
1 2 3 7 8 9 10 13 14 15 17 18 22 23 24 26 27 28 29 35 36 37 38 39 40 41 42 44 48 49 50 52 54 56 59 60 61 62 64 65 66 67 69 71 72 73 74 75 76 78 79 81 83 84 85 92 93 95 96 98
1 2 3 6 7 10 11 12 14 15 19 20 21 22 26 27 28 29 30 31 32 33 34 36 37 38 39 40 41 42 43 44 45 47 48 51 53 54 55 56 59 60 61 62 63 64 65 66 67 68 70 72 73 74 75 76 77 78 79 80 81 82 83 85 87 88 89 91 92 93 94 95 96 97 98 99
p1
2 3 4 7 9 10 11 12 13 14 19 21 23 24 29 30 31 33 37 39 42 44 45 47 49 50 52 53 55 58 66 67 68 69 70 73 74 75 76 78 80 81 84 85 87 89 91 93 1
1 3 7 8 9 12 15 16 20 21 24 25 26 29 34 36 38 40 41 42 45 46 47 51 52 53 56 57 59 62 65 67 68 71 73 74 76 77 78 81 82 83 84 85 87 90 91 94 95 96 97 100 2
1 2 5 7 8 9 10 12 13 14 16 17 18 19 21 23 24 25 26 28 30 34 35 41 42 43 44 45 55 56 57 58 60 61 62 68 70 72 73 75 78 80 83 89 91 92 93 94 95 96 100 3
1 7 10 13 15 17 18 19 20 22 25 26 29 34 35 36 38 41 42 46 48 49 50 51 52 53 54 56 57 59 63 66 67 68 69 71 72 75 76 77 78 80 81 87 88 89 90 93 97 99 4
3 6 8 9 10 11 18 19 23 27 36 39 41 46 48 50 55 56 58 59 60 64 65 67 68 73 75 79 80 81 82 83 87 89 90 91 92 96 100 5
5 8 9 11 12 14 16 17 18 20 21 22 24 26 27 28 30 33 37 38 39 41 42 44 46 48 49 52 54 56 57 58 61 62 66 67 70 71 72 73 76 79 80 82 86 88 92 94 97 98 6
2 3 5 6 10 11 13 15 16 23 27 28 29 30 31 32 33 35 38 39 40 42 43 45 46 50 52 54 57 58 59 61 63 65 66 67 69 72 73 75 76 78 79 80 82 87 90 92 93 95 96 97 100 8
1 2 3 5 6 7 10 11 12 13 18 19 20 21 22 24 25 26 27 28 29 31 32 33 35 39 41 51 52 53 54 59 62 63 66 68 69 70 73 74 76 78 79 80 81 82 84 87 91 92 96 97 100 9
1 3 4 5 7 8 9 14 15 17 18 20 21 22 23 25 27 29 33 34 36 37 38 40 41 42 43 44 49 53 54 56 60 61 62 66 69 70 71 72 74 79 80 82 85 86 87 91 95 96 98 99 10
1 5 6 7 8 9 12 14 17 18 20 28 34 36 37 38 40 41 42 44 47 49 51 56 57 58 59 61 64 65 67 68 69 73 75 77 78 79 83 84 85 86 87 89 90 91 92 93 96 97 98 99 11
1 3 4 7 8 9 12 15 17 18 19 20 21 23 25 26 27 28 36 38 40 41 47 48 49 54 56 58 61 63 70 71 73 74 75 76 77 79 80 81 82 83 86 87 90 95 98 13
1 3 6 10 11 16 17 18 19 22 23 24 27 28 29 30 31 34 36 37 41 42 45 46 47 54 59 62 63 64 66 67 71 72 73 75 76 77 79 80 81 83 84 86 87 88 90 91 92 94 95 96 98 100 14
2 4 8 10 13 17 18 19 24 26 30 32 33 34 36 37 38 39 40 41 44 47 48 49 51 54 55 56 57 59 64 67 69 73 74 75 76 77 78 79 81 82 83 84 86 87 88 89 91 94 95 96 99 100 15
2 3 6 8 14 17 18 20 22 23 24 25 26 27 29 31 32 33 35 36 38 44 45 46 47 48 49 50 54 55 58 59 60 61 64 67 68 72 74 75 76 77 78 79 81 82 85 86 87 90 93 97 98 99 16
3 4 6 10 11 13 14 15 16 19 20 21 24 29 30 31 32 33 34 36 40 41 42 44 47 48 50 51 54 55 59 60 64 65 66 68 71 72 74 75 76 77 78 80 81 83 85 86 90 91 93 95 98 100 17
3 4 5 6 9 10 11 13 14 15 16 20 21 22 23 25 27 29 31 32 33 36 38 39 40 47 49 52 53 54 56 58 59 60 61 63 64 65 66 67 68 74 75 77 79 80 81 83 84 85 91 93 95 97 98 99 18
1 3 4 5 9 13 14 15 17 26 28 32 34 35 39 40 43 46 47 48 50 51 53 56 62 63 66 68 70 71 72 73 77 79 83 84 85 86 87 88 93 94 99 19
2 4 6 9 10 11 12 13 16 17 18 22 23 24 25 28 29 30 31 32 34 35 36 37 38 40 41 42 44 46 47 50 55 56 57 58 60 67 68 71 73 74 75 76 77 85 87 90 91 92 94 96 99 100 20
1 2 3 6 9 10 12 13 17 18 22 24 25 27 28 29 31 33 34 35 40 41 42 43 44 45 46 47 50 54 57 58 60 64 65 68 70 71 73 74 75 76 79 80 81 83 84 85 87 88 92 94 95 96 97 98 99 21
4 6 9 10 14 16 18 20 21 23 27 29 31 32 36 37 39 40 41 45 47 48 51 52 54 55 59 60 61 63 64 65 66 67 68 71 72 77 80 82 83 87 88 90 94 95 96 97 98 99 100 22
1 3 5 7 8 10 13 14 16 18 20 22 33 34 36 38 39 40 42 43 45 50 52 54 56 59 62 64 66 67 69 70 71 72 73 76 78 79 82 83 85 86 87 89 90 93 98 100 23
1 2 3 6 7 9 12 14 15 16 17 20 21 25 26 28 29 30 32 33 38 39 41 42 43 44 45 49 51 52 55 56 59 61 62 63 64 65 66 69 70 71 73 74 76 77 79 80 86 88 91 95 97 99 24
2 3 4 7 9 10 12 13 16 18 20 21 24 27 29 31 33 35 36 40 41 42 43 46 47 49 50 53 55 56 57 60 63 64 65 70 72 74 75 76 83 87 88 89 91 96 99 25
2 3 4 6 9 12 13 15 16 19 24 27 30 31 33 34 35 37 38 40 41 43 44 46 47 49 52 54 60 61 63 64 65 68 69 71 74 75 76 79 81 83 84 87 88 90 92 93 95 96 97 26
5 6 7 8 9 10 13 14 16 18 21 22 25 26 30 32 33 35 36 37 41 43 45 48 51 52 53 55 56 57 58 59 64 65 66 73 76 79 81 84 86 93 94 95 96 97 99 100 27
3 6 7 8 9 11 13 14 19 20 21 24 30 31 32 34 36 37 41 46 49 52 57 60 63 64 69 70 72 73 74 75 78 82 83 84 85 86 87 88 92 93 97 100 28
1 2 4 8 9 10 12 14 16 17 18 20 21 22 24 25 30 33 34 37 38 40 41 46 47 51 54 56 58 59 64 65 66 67 69 70 71 73 75 77 78 79 80 81 84 87 88 90 91 92 95 96 98 29
1 3 6 8 12 14 15 17 20 24 26 27 28 29 33 34 37 39 40 46 48 49 50 54 56 57 58 59 61 62 67 69 70 74 75 76 81 83 84 85 87 89 93 100 30
1 8 9 12 14 16 17 18 20 21 22 25 26 28 33 34 37 38 39 42 44 45 46 47 48 50 55 62 63 64 65 66 67 70 71 72 73 76 80 82 83 84 86 87 91 92 93 31
7 8 9 12 15 16 17 18 19 20 22 24 27 28 33 34 36 38 39 42 43 44 47 49 50 51 52 55 56 57 61 63 64 66 67 68 69 70 71 73 74 76 78 81 87 89 92 93 94 96 97 99 100 32
1 6 8 9 10 15 16 17 18 21 23 24 25 26 27 29 30 31 32 38 40 41 43 45 46 47 50 57 59 60 62 63 64 66 70 71 73 74 80 81 85 86 88 91 92 94 100 33
2 3 4 10 11 12 14 15 17 19 20 21 23 26 28 29 30 31 32 38 41 42 44 47 48 51 54 56 57 59 61 65 70 72 75 76 80 81 82 86 88 89 90 91 94 96 99 100 34
3 4 7 8 9 16 19 20 21 25 26 27 39 40 41 42 43 44 46 55 57 58 59 60 66 68 69 70 71 72 73 74 75 77 78 80 83 86 87 89 90 91 93 95 35
2 4 5 7 10 11 12 13 14 15 16 17 18 20 22 23 25 27 28 32 37 39 41 44 47 49 50 51 52 53 54 55 57 58 59 62 65 68 69 70 72 73 75 76 78 79 80 81 82 83 84 88 89 90 93 95 100 36
1 6 10 11 12 14 15 20 22 26 27 28 29 30 31 36 38 40 41 42 43 44 45 47 48 53 54 55 56 59 60 62 63 64 65 66 67 72 73 74 75 76 77 78 79 81 83 85 87 88 89 91 92 93 94 95 96 97 99 37
2 4 6 8 10 11 13 15 16 18 20 23 24 26 29 31 32 33 34 37 39 40 42 43 46 47 49 51 54 55 57 58 60 62 64 65 66 70 71 72 74 77 78 80 83 84 85 86 87 88 89 90 91 95 96 97 99 100 38
1 5 6 7 8 9 15 18 19 22 23 24 30 31 32 35 36 38 41 42 43 44 46 47 49 52 53 54 56 57 58 59 60 62 63 65 66 71 72 76 78 80 82 87 92 94 98 39
2 7 8 10 11 12 13 15 17 18 19 20 21 22 23 25 26 29 30 33 35 37 38 41 42 45 46 50 51 52 53 56 57 60 63 70 71 73 74 75 78 79 80 82 83 87 91 92 94 95 96 99 40
2 3 4 5 6 9 10 11 12 13 14 15 17 20 21 22 24 25 26 27 28 29 33 34 35 36 37 39 40 42 45 47 48 49 50 53 55 56 60 63 65 67 68 69 70 71 74 76 77 78 80 85 87 89 92 93 94 95 97 99 41
1 2 3 4 6 7 8 10 11 14 17 20 21 23 24 25 31 32 34 35 37 38 39 40 41 44 46 47 48 49 50 63 64 66 67 68 70 77 80 81 84 85 86 88 89 94 96 97 98 99 42
3 8 10 19 21 23 24 25 26 27 32 33 35 37 38 39 46 47 49 50 51 54 55 58 62 63 64 65 66 68 73 75 77 78 79 80 81 85 88 91 92 93 95 97 100 43
1 3 6 10 11 12 15 16 17 20 21 24 26 31 32 34 35 36 37 39 42 47 49 50 57 61 62 64 67 68 74 75 81 84 85 88 89 91 92 93 95 97 99 100 44
1 2 3 7 8 12 14 16 21 22 23 24 27 31 33 37 40 41 47 48 49 50 51 53 54 56 62 63 65 66 67 71 75 76 77 78 79 82 86 89 90 91 97 98 99 45
1 2 11 13 14 15 16 17 18 19 20 21 22 25 26 29 31 32 33 34 36 37 38 39 41 42 43 44 45 50 52 53 57 60 67 68 70 71 73 76 77 81 83 84 85 86 87 90 94 96 97 100 47
4 5 6 13 15 16 17 19 22 27 30 31 34 37 41 42 45 49 50 51 54 56 57 59 60 61 63 66 67 68 72 75 77 79 80 81 83 84 86 87 91 92 93 95 98 48
1 4 6 10 11 12 13 15 16 18 24 25 26 28 30 32 36 38 39 41 42 43 44 45 46 48 50 51 53 54 55 56 60 61 62 63 64 66 68 69 72 74 75 76 78 79 80 81 82 88 91 92 93 95 98 99 49
1 4 5 7 8 12 16 17 19 20 21 23 25 30 31 32 33 36 40 41 42 43 44 45 47 48 49 52 56 58 59 60 62 63 65 70 71 72 74 75 76 78 88 90 91 93 95 96 97 99 50
2 4 9 11 15 17 19 22 24 27 29 32 34 36 38 40 43 45 48 49 53 54 56 57 58 60 62 64 69 73 74 77 79 81 82 84 85 89 90 91 92 93 94 51
1 2 4 6 7 8 9 18 22 23 24 26 27 28 32 36 39 40 46 47 50 53 55 56 58 61 62 64 70 71 72 74 76 77 79 82 83 85 88 95 96 97 99 52
1 2 4 9 10 18 19 25 27 36 37 39 40 41 45 46 47 49 51 52 54 55 57 58 59 60 66 69 74 75 77 83 85 88 89 91 92 93 94 100 53
4 6 8 9 10 13 14 15 16 17 18 21 22 23 26 29 30 34 36 37 38 39 43 45 48 49 51 53 57 59 63 67 69 70 71 72 74 75 76 79 80 86 87 88 89 95 97 98 100 54
1 3 5 12 15 16 17 20 22 24 25 27 31 32 35 36 37 38 41 43 49 52 53 56 57 61 62 64 66 68 69 71 72 73 76 77 80 83 84 85 88 91 92 93 96 97 98 99 100 55
2 3 4 5 6 7 10 11 12 13 15 18 19 20 23 24 25 27 29 30 32 34 37 39 40 41 45 48 49 50 51 52 55 59 61 64 69 70 71 73 76 83 85 86 88 89 91 93 95 56
2 3 4 6 7 8 11 15 20 21 25 27 28 30 32 33 34 35 36 38 39 40 44 46 47 48 51 53 54 55 58 59 60 61 62 63 64 66 69 70 71 72 74 77 78 83 84 85 87 89 91 93 97 99 57
1 3 5 6 8 11 13 16 18 20 21 27 29 30 35 36 38 39 43 50 51 52 53 57 59 62 67 68 69 70 71 73 74 76 78 83 85 86 87 88 89 93 97 98 99 100 58
2 4 5 7 8 9 11 14 15 16 17 18 22 23 24 27 29 30 33 34 35 36 37 39 48 50 53 54 56 57 58 60 61 67 68 69 71 76 81 84 85 87 90 91 92 94 95 96 100 59
3 5 7 10 12 16 17 18 20 21 22 25 26 28 33 35 37 38 39 40 41 47 48 49 50 51 53 57 59 62 64 65 66 67 70 73 74 76 77 78 79 80 81 83 85 86 88 89 90 91 92 93 96 98 100 60
3 6 7 8 10 11 12 13 16 18 22 24 26 30 32 34 44 48 49 52 55 56 57 59 62 67 70 71 73 75 76 81 82 83 84 85 87 89 91 92 93 94 95 96 97 98 99 100 61
2 3 6 7 9 10 14 19 23 24 30 31 33 36 37 38 39 43 44 45 46 49 50 51 52 55 57 58 60 61 63 64 65 67 69 70 73 75 83 84 86 88 89 93 94 98 99 100 62
4 8 9 12 13 14 18 19 22 24 25 26 28 31 32 33 37 39 40 41 42 43 45 48 49 50 54 57 62 64 65 66 68 73 74 75 76 78 79 81 82 83 88 91 94 96 98 100 63
5 7 11 14 15 16 17 18 21 22 23 24 25 26 27 28 29 31 32 33 37 38 42 43 44 46 49 51 52 55 56 57 60 62 63 65 66 68 69 71 73 74 75 76 77 80 82 84 86 92 93 96 97 64
2 5 7 8 11 12 17 18 21 22 24 25 26 27 29 31 34 36 37 38 39 41 43 45 50 60 62 63 64 69 70 71 73 75 77 79 80 84 85 88 89 90 91 94 95 96 97 100 65
1 4 6 7 8 9 10 14 17 18 19 22 23 24 27 29 31 32 33 35 37 38 39 42 43 45 48 49 53 55 57 60 63 64 70 73 74 79 80 82 83 84 89 93 94 95 96 97 99 100 66
1 2 4 5 6 8 11 14 15 16 18 20 22 23 29 30 31 32 37 41 42 44 45 47 48 54 58 59 60 61 62 68 71 72 74 76 79 82 83 84 85 88 89 90 92 93 94 95 99 100 67
1 2 3 4 5 7 9 11 12 16 17 18 19 20 21 22 26 32 35 36 41 42 43 44 47 48 49 55 58 59 63 64 67 70 72 74 77 78 81 85 86 87 88 90 91 92 94 100 68
1 4 7 8 9 10 11 12 15 23 24 26 28 29 30 32 35 36 41 49 51 53 54 55 56 57 58 59 62 64 65 72 75 77 78 82 86 89 90 91 92 96 100 69
1 3 6 9 10 13 19 21 23 24 25 28 29 30 31 32 33 34 35 36 38 40 41 42 46 47 50 52 54 56 57 58 60 61 62 65 66 68 71 72 74 75 76 78 80 81 83 85 90 92 94 96 97 98 99 70
2 4 6 7 10 12 13 14 17 19 20 21 22 23 24 26 29 31 32 33 35 38 39 40 41 45 47 50 52 54 55 56 57 58 59 61 64 65 67 70 77 79 84 85 88 91 95 96 97 71
3 4 6 7 8 10 12 14 16 17 19 22 23 25 28 31 34 35 36 37 38 39 46 48 49 50 52 54 55 57 67 68 69 70 76 78 80 85 86 87 89 91 92 94 95 72
1 2 3 5 6 7 8 9 11 13 14 15 19 20 21 23 24 27 28 29 31 32 33 35 36 37 40 43 47 51 55 56 58 60 61 62 63 64 65 66 74 76 78 83 84 86 88 92 93 95 96 97 73
1 2 7 9 10 13 15 16 17 18 20 21 24 25 26 28 30 32 33 35 37 38 40 41 44 46 49 50 51 52 53 54 57 58 60 63 64 66 67 68 70 73 77 79 81 82 84 86 87 88 89 91 93 94 95 97 98 99 100 74
1 3 4 5 7 8 11 12 13 14 15 16 17 18 20 21 25 26 28 29 30 34 35 36 37 40 43 44 45 46 48 49 50 53 54 61 62 63 64 65 69 70 76 79 84 85 86 87 89 90 91 93 95 96 99 75
1 2 4 6 7 8 9 13 14 15 16 17 20 21 23 24 25 26 27 30 31 32 34 36 37 39 41 45 47 49 50 52 54 55 56 58 59 60 61 63 64 67 70 72 73 75 77 78 79 81 84 87 88 90 92 94 95 96 97 98 99 100 76
2 4 7 11 13 14 15 16 17 18 19 20 22 24 29 35 37 38 41 42 43 45 46 47 48 51 52 53 55 57 60 64 65 68 69 71 74 76 78 79 82 83 84 86 89 92 93 98 77
1 2 3 4 7 8 9 11 12 15 16 17 23 28 29 32 35 36 37 38 39 40 41 43 45 46 49 50 57 58 60 63 68 69 70 72 73 76 77 81 83 85 86 89 94 96 78
5 6 8 9 10 11 13 14 15 16 18 19 21 23 24 26 27 29 36 37 40 43 45 48 49 51 52 54 60 63 65 66 67 71 74 75 76 77 81 83 84 86 87 91 92 93 94 95 97 99 79
1 3 4 5 6 8 9 10 13 14 17 18 21 22 24 29 31 33 34 35 36 38 39 40 41 42 43 48 49 54 55 60 64 65 66 70 72 81 83 84 85 86 88 90 93 94 97 98 99 100 80
1 2 4 5 9 12 13 14 15 16 17 18 21 26 27 29 30 32 33 34 36 37 42 43 44 47 48 49 51 59 60 61 63 68 70 74 76 78 79 80 82 83 84 85 86 87 88 89 90 91 94 95 96 98 99 81
2 5 6 8 9 10 13 15 16 22 23 28 31 34 36 39 40 45 46 49 51 52 61 63 64 66 67 69 74 77 81 83 88 89 90 91 92 94 97 98 99 100 82
2 3 5 7 11 13 14 15 17 18 19 21 22 23 25 26 28 30 31 35 36 37 38 40 46 47 48 52 53 55 56 57 58 60 61 62 63 66 67 70 73 77 78 79 80 81 82 85 86 87 88 89 92 94 95 99 100 83
1 2 7 9 11 12 14 15 18 19 21 26 27 28 29 30 31 36 38 42 44 47 48 51 55 57 59 61 62 64 65 66 67 71 73 74 75 76 77 79 80 81 85 87 90 91 92 96 97 98 99 100 84
1 2 10 11 16 17 18 19 20 21 23 28 30 33 37 38 41 42 43 44 47 51 52 53 55 56 57 58 59 60 61 65 67 68 70 71 72 75 78 80 81 83 84 87 88 89 93 94 95 99 100 85
6 7 10 11 13 14 15 16 17 19 23 24 27 28 31 33 34 35 38 42 45 47 48 54 56 58 60 62 64 68 69 72 73 74 75 77 78 79 80 81 83 87 88 89 90 91 92 96 98 100 86
1 2 4 5 8 9 10 11 13 14 15 16 19 20 21 22 23 25 26 28 29 30 31 32 35 37 38 39 40 41 47 48 54 57 58 59 61 68 72 74 75 76 79 81 83 84 85 86 88 89 90 91 97 98 100 87
4 6 14 15 19 21 22 24 25 26 28 29 33 34 36 37 38 42 43 44 49 50 52 53 54 55 56 58 60 62 63 65 67 68 71 73 74 76 80 81 82 83 85 86 87 90 92 95 99 100 88
1 3 4 5 7 11 12 15 23 25 30 32 34 35 36 37 38 41 42 44 45 46 51 53 54 56 57 58 60 61 62 65 66 67 69 72 74 75 77 78 81 82 83 85 86 87 91 92 93 96 97 100 89
2 4 5 8 11 12 13 14 16 17 20 22 23 26 29 34 35 36 38 45 46 47 50 51 59 60 65 67 68 69 70 75 76 80 81 82 84 86 87 88 91 92 93 96 90
1 2 3 5 7 9 10 11 12 14 15 17 18 20 24 25 29 31 33 34 35 37 38 40 43 44 45 48 49 50 51 53 55 56 57 59 60 61 63 65 68 69 71 72 74 75 79 81 82 84 86 87 89 90 92 93 98 91
3 5 6 7 8 9 11 14 20 21 26 28 29 31 32 33 37 39 40 41 43 44 46 48 49 51 53 55 59 60 61 64 67 68 69 70 72 73 76 77 79 82 83 84 86 88 89 90 91 93 94 95 96 100 92
1 3 4 8 11 12 16 17 18 19 23 26 27 28 30 31 32 35 36 37 41 43 44 48 49 50 51 53 55 56 57 58 60 61 62 64 66 67 73 74 75 77 79 80 85 89 90 91 92 94 95 93
2 3 6 7 14 15 19 20 21 22 27 32 33 34 37 39 40 41 42 47 51 53 59 61 62 63 65 66 67 68 70 72 74 76 78 79 80 81 82 83 85 92 93 96 98 94
2 3 5 7 8 9 10 11 14 15 20 21 22 25 26 27 29 32 34 37 38 40 42 46 47 50 52 55 59 60 61 63 64 65 66 69 70 71 73 75 76 78 81 84 86 89 90 92 94 97 100 96
2 4 6 8 9 11 16 18 21 22 24 26 27 28 32 37 38 41 42 43 44 45 46 47 50 52 54 55 57 58 61 64 65 66 70 71 73 74 76 79 80 82 84 87 89 96 99 97
6 7 10 11 13 14 16 17 18 21 22 23 29 39 42 45 46 48 49 54 55 58 60 61 62 63 70 74 76 77 80 81 82 84 86 87 91 94 95 99 100 98
4 10 11 15 16 18 19 20 21 22 24 25 27 32 34 37 38 40 41 42 44 45 49 50 52 55 57 58 61 62 66 67 70 74 75 76 79 80 81 82 83 84 85 88 97 98 100 99
2 3 5 7 8 9 12 14 15 17 20 22 23 27 28 30 32 33 34 36 38 43 44 46 47 53 54 55 58 59 60 61 62 63 65 66 67 68 69 74 76 80 82 83 84 85 86 87 88 89 92 96 98 99 100
2 3 4 7 10 11 12 13 21 24 25 27 32 35 36 40 43 45 50 52 56 57 59 61 65 66 68 71 72 73 74 75 76 77 83 86 88 89 91 92 94 95 98 100
1 2 3 7 8 9 10 13 14 15 17 18 22 23 24 26 27 28 29 35 36 37 38 39 40 41 42 44 48 49 50 52 54 56 59 60 61 62 64 65 66 67 69 71 72 73 74 75 76 78 79 81 83 84 85 92 93 95 96 98
1 2 3 4 5 6 7 8 9 11 12 13 14 16 19 20 21 24 25 26 28 29 30 31 32 33 34 35 36 37 38 39 40 41 42 43 44 45 46 49 50 52 53 55 56 57 60 61 62 63 64 65 68 69 70 71 72 74 75 77 78 81 82 83 84 89 90 91 92 93 96 97 98 100
p2
2 3 4 7 9 10 11 12 13 14 19 21 23 24 29 30 31 33 37 39 42 44 45 47 49 50 52 53 55 58 66 67 68 69 70 73 74 75 76 78 80 81 84 85 87 89 91 93 1
1 3 7 8 9 12 15 16 20 21 24 25 26 29 34 36 38 40 41 42 45 46 47 51 52 53 56 57 59 62 65 67 68 71 73 74 76 77 78 81 82 83 84 85 87 90 91 94 95 96 97 100 2
1 2 5 7 8 9 10 12 13 14 16 17 18 19 21 23 24 25 26 28 30 34 35 41 42 43 44 45 55 56 57 58 60 61 62 68 70 72 73 75 78 80 83 89 91 92 93 94 95 96 100 3
1 7 10 13 15 17 18 19 20 22 25 26 29 34 35 36 38 41 42 46 48 49 50 51 52 53 54 56 57 59 63 66 67 68 69 71 72 75 76 77 78 80 81 87 88 89 90 93 97 99 4
3 6 8 9 10 11 18 19 23 27 36 39 41 46 48 50 55 56 58 59 60 64 65 67 68 73 75 79 80 81 82 83 87 89 90 91 92 96 100 5
5 8 9 11 12 14 16 17 18 20 21 22 24 26 27 28 30 33 37 38 39 41 42 44 46 48 49 52 54 56 57 58 61 62 66 67 70 71 72 73 76 79 80 82 86 88 92 94 97 98 6
2 3 5 6 10 11 13 15 16 23 27 28 29 30 31 32 33 35 38 39 40 42 43 45 46 50 52 54 57 58 59 61 63 65 66 67 69 72 73 75 76 78 79 80 82 87 90 92 93 95 96 97 100 8
1 2 3 5 6 7 10 11 12 13 18 19 20 21 22 24 25 26 27 28 29 31 32 33 35 39 41 51 52 53 54 59 62 63 66 68 69 70 73 74 76 78 79 80 81 82 84 87 91 92 96 97 100 9
1 3 4 5 7 8 9 14 15 17 18 20 21 22 23 25 27 29 33 34 36 37 38 40 41 42 43 44 49 53 54 56 60 61 62 66 69 70 71 72 74 79 80 82 85 86 87 91 95 96 98 99 10
1 5 6 7 8 9 12 14 17 18 20 28 34 36 37 38 40 41 42 44 47 49 51 56 57 58 59 61 64 65 67 68 69 73 75 77 78 79 83 84 85 86 87 89 90 91 92 93 96 97 98 99 11
1 2 3 6 7 9 11 13 20 21 24 25 26 29 30 31 32 34 36 37 40 41 44 45 46 49 50 55 56 60 61 63 65 68 69 71 72 75 78 81 84 89 90 91 93 100 12
1 3 4 7 8 9 12 15 17 18 19 20 21 23 25 26 27 28 36 38 40 41 47 48 49 54 56 58 61 63 70 71 73 74 75 76 77 79 80 81 82 83 86 87 90 95 98 13
1 3 6 10 11 16 17 18 19 22 23 24 27 28 29 30 31 34 36 37 41 42 45 46 47 54 59 62 63 64 66 67 71 72 73 75 76 77 79 80 81 83 84 86 87 88 90 91 92 94 95 96 98 100 14
2 4 8 10 13 17 18 19 24 26 30 32 33 34 36 37 38 39 40 41 44 47 48 49 51 54 55 56 57 59 64 67 69 73 74 75 76 77 78 79 81 82 83 84 86 87 88 89 91 94 95 96 99 100 15
2 3 6 8 14 17 18 20 22 23 24 25 26 27 29 31 32 33 35 36 38 44 45 46 47 48 49 50 54 55 58 59 60 61 64 67 68 72 74 75 76 77 78 79 81 82 85 86 87 90 93 97 98 99 16
3 4 6 10 11 13 14 15 16 19 20 21 24 29 30 31 32 33 34 36 40 41 42 44 47 48 50 51 54 55 59 60 64 65 66 68 71 72 74 75 76 77 78 80 81 83 85 86 90 91 93 95 98 100 17
3 4 5 6 9 10 11 13 14 15 16 20 21 22 23 25 27 29 31 32 33 36 38 39 40 47 49 52 53 54 56 58 59 60 61 63 64 65 66 67 68 74 75 77 79 80 81 83 84 85 91 93 95 97 98 99 18
1 3 4 5 9 13 14 15 17 26 28 32 34 35 39 40 43 46 47 48 50 51 53 56 62 63 66 68 70 71 72 73 77 79 83 84 85 86 87 88 93 94 99 19
2 4 6 9 10 11 12 13 16 17 18 22 23 24 25 28 29 30 31 32 34 35 36 37 38 40 41 42 44 46 47 50 55 56 57 58 60 67 68 71 73 74 75 76 77 85 87 90 91 92 94 96 99 100 20
1 2 3 6 9 10 12 13 17 18 22 24 25 27 28 29 31 33 34 35 40 41 42 43 44 45 46 47 50 54 57 58 60 64 65 68 70 71 73 74 75 76 79 80 81 83 84 85 87 88 92 94 95 96 97 98 99 21
4 6 9 10 14 16 18 20 21 23 27 29 31 32 36 37 39 40 41 45 47 48 51 52 54 55 59 60 61 63 64 65 66 67 68 71 72 77 80 82 83 87 88 90 94 95 96 97 98 99 100 22
1 3 5 7 8 10 13 14 16 18 20 22 33 34 36 38 39 40 42 43 45 50 52 54 56 59 62 64 66 67 69 70 71 72 73 76 78 79 82 83 85 86 87 89 90 93 98 100 23
1 2 3 6 7 9 12 14 15 16 17 20 21 25 26 28 29 30 32 33 38 39 41 42 43 44 45 49 51 52 55 56 59 61 62 63 64 65 66 69 70 71 73 74 76 77 79 80 86 88 91 95 97 99 24
2 3 4 7 9 10 12 13 16 18 20 21 24 27 29 31 33 35 36 40 41 42 43 46 47 49 50 53 55 56 57 60 63 64 65 70 72 74 75 76 83 87 88 89 91 96 99 25
2 3 4 6 9 12 13 15 16 19 24 27 30 31 33 34 35 37 38 40 41 43 44 46 47 49 52 54 60 61 63 64 65 68 69 71 74 75 76 79 81 83 84 87 88 90 92 93 95 96 97 26
5 6 7 8 9 10 13 14 16 18 21 22 25 26 30 32 33 35 36 37 41 43 45 48 51 52 53 55 56 57 58 59 64 65 66 73 76 79 81 84 86 93 94 95 96 97 99 100 27
3 6 7 8 9 11 13 14 19 20 21 24 30 31 32 34 36 37 41 46 49 52 57 60 63 64 69 70 72 73 74 75 78 82 83 84 85 86 87 88 92 93 97 100 28
1 2 4 8 9 10 12 14 16 17 18 20 21 22 24 25 30 33 34 37 38 40 41 46 47 51 54 56 58 59 64 65 66 67 69 70 71 73 75 77 78 79 80 81 84 87 88 90 91 92 95 96 98 29
1 3 6 8 12 14 15 17 20 24 26 27 28 29 33 34 37 39 40 46 48 49 50 54 56 57 58 59 61 62 67 69 70 74 75 76 81 83 84 85 87 89 93 100 30
1 8 9 12 14 16 17 18 20 21 22 25 26 28 33 34 37 38 39 42 44 45 46 47 48 50 55 62 63 64 65 66 67 70 71 72 73 76 80 82 83 84 86 87 91 92 93 31
7 8 9 12 15 16 17 18 19 20 22 24 27 28 33 34 36 38 39 42 43 44 47 49 50 51 52 55 56 57 61 63 64 66 67 68 69 70 71 73 74 76 78 81 87 89 92 93 94 96 97 99 100 32
1 6 8 9 10 15 16 17 18 21 23 24 25 26 27 29 30 31 32 38 40 41 43 45 46 47 50 57 59 60 62 63 64 66 70 71 73 74 80 81 85 86 88 91 92 94 100 33
2 3 4 10 11 12 14 15 17 19 20 21 23 26 28 29 30 31 32 38 41 42 44 47 48 51 54 56 57 59 61 65 70 72 75 76 80 81 82 86 88 89 90 91 94 96 99 100 34
3 4 7 8 9 16 19 20 21 25 26 27 39 40 41 42 43 44 46 55 57 58 59 60 66 68 69 70 71 72 73 74 75 77 78 80 83 86 87 89 90 91 93 95 35
2 4 5 7 10 11 12 13 14 15 16 17 18 20 22 23 25 27 28 32 37 39 41 44 47 49 50 51 52 53 54 55 57 58 59 62 65 68 69 70 72 73 75 76 78 79 80 81 82 83 84 88 89 90 93 95 100 36
1 6 10 11 12 14 15 20 22 26 27 28 29 30 31 36 38 40 41 42 43 44 45 47 48 53 54 55 56 59 60 62 63 64 65 66 67 72 73 74 75 76 77 78 79 81 83 85 87 88 89 91 92 93 94 95 96 97 99 37
2 4 6 8 10 11 13 15 16 18 20 23 24 26 29 31 32 33 34 37 39 40 42 43 46 47 49 51 54 55 57 58 60 62 64 65 66 70 71 72 74 77 78 80 83 84 85 86 87 88 89 90 91 95 96 97 99 100 38
1 5 6 7 8 9 15 18 19 22 23 24 30 31 32 35 36 38 41 42 43 44 46 47 49 52 53 54 56 57 58 59 60 62 63 65 66 71 72 76 78 80 82 87 92 94 98 39
2 7 8 10 11 12 13 15 17 18 19 20 21 22 23 25 26 29 30 33 35 37 38 41 42 45 46 50 51 52 53 56 57 60 63 70 71 73 74 75 78 79 80 82 83 87 91 92 94 95 96 99 40
2 3 4 5 6 9 10 11 12 13 14 15 17 20 21 22 24 25 26 27 28 29 33 34 35 36 37 39 40 42 45 47 48 49 50 53 55 56 60 63 65 67 68 69 70 71 74 76 77 78 80 85 87 89 92 93 94 95 97 99 41
1 2 3 4 6 7 8 10 11 14 17 20 21 23 24 25 31 32 34 35 37 38 39 40 41 44 46 47 48 49 50 63 64 66 67 68 70 77 80 81 84 85 86 88 89 94 96 97 98 99 42
3 8 10 19 21 23 24 25 26 27 32 33 35 37 38 39 46 47 49 50 51 54 55 58 62 63 64 65 66 68 73 75 77 78 79 80 81 85 88 91 92 93 95 97 100 43
1 3 6 10 11 12 15 16 17 20 21 24 26 31 32 34 35 36 37 39 42 47 49 50 57 61 62 64 67 68 74 75 81 84 85 88 89 91 92 93 95 97 99 100 44
1 2 3 7 8 12 14 16 21 22 23 24 27 31 33 37 40 41 47 48 49 50 51 53 54 56 62 63 65 66 67 71 75 76 77 78 79 82 86 89 90 91 97 98 99 45
2 4 5 6 8 12 14 16 19 20 21 25 26 28 29 30 31 33 35 38 39 40 42 43 49 52 53 57 62 64 70 72 74 75 77 78 82 83 89 90 92 96 97 98 100 46
1 2 11 13 14 15 16 17 18 19 20 21 22 25 26 29 31 32 33 34 36 37 38 39 41 42 43 44 45 50 52 53 57 60 67 68 70 71 73 76 77 81 83 84 85 86 87 90 94 96 97 100 47
4 5 6 13 15 16 17 19 22 27 30 31 34 37 41 42 45 49 50 51 54 56 57 59 60 61 63 66 67 68 72 75 77 79 80 81 83 84 86 87 91 92 93 95 98 48
1 4 6 10 11 12 13 15 16 18 24 25 26 28 30 32 36 38 39 41 42 43 44 45 46 48 50 51 53 54 55 56 60 61 62 63 64 66 68 69 72 74 75 76 78 79 80 81 82 88 91 92 93 95 98 99 49
1 4 5 7 8 12 16 17 19 20 21 23 25 30 31 32 33 36 40 41 42 43 44 45 47 48 49 52 56 58 59 60 62 63 65 70 71 72 74 75 76 78 88 90 91 93 95 96 97 99 50
2 4 9 11 15 17 19 22 24 27 29 32 34 36 38 40 43 45 48 49 53 54 56 57 58 60 62 64 69 73 74 77 79 81 82 84 85 89 90 91 92 93 94 51
1 2 4 6 7 8 9 18 22 23 24 26 27 28 32 36 39 40 46 47 50 53 55 56 58 61 62 64 70 71 72 74 76 77 79 82 83 85 88 95 96 97 99 52
1 2 4 9 10 18 19 25 27 36 37 39 40 41 45 46 47 49 51 52 54 55 57 58 59 60 66 69 74 75 77 83 85 88 89 91 92 93 94 100 53
4 6 8 9 10 13 14 15 16 17 18 21 22 23 26 29 30 34 36 37 38 39 43 45 48 49 51 53 57 59 63 67 69 70 71 72 74 75 76 79 80 86 87 88 89 95 97 98 100 54
1 3 5 12 15 16 17 20 22 24 25 27 31 32 35 36 37 38 41 43 49 52 53 56 57 61 62 64 66 68 69 71 72 73 76 77 80 83 84 85 88 91 92 93 96 97 98 99 100 55
2 3 4 5 6 7 10 11 12 13 15 18 19 20 23 24 25 27 29 30 32 34 37 39 40 41 45 48 49 50 51 52 55 59 61 64 69 70 71 73 76 83 85 86 88 89 91 93 95 56
2 3 4 6 7 8 11 15 20 21 25 27 28 30 32 33 34 35 36 38 39 40 44 46 47 48 51 53 54 55 58 59 60 61 62 63 64 66 69 70 71 72 74 77 78 83 84 85 87 89 91 93 97 99 57
1 3 5 6 8 11 13 16 18 20 21 27 29 30 35 36 38 39 43 50 51 52 53 57 59 62 67 68 69 70 71 73 74 76 78 83 85 86 87 88 89 93 97 98 99 100 58
2 4 5 7 8 9 11 14 15 16 17 18 22 23 24 27 29 30 33 34 35 36 37 39 48 50 53 54 56 57 58 60 61 67 68 69 71 76 81 84 85 87 90 91 92 94 95 96 100 59
3 5 7 10 12 16 17 18 20 21 22 25 26 28 33 35 37 38 39 40 41 47 48 49 50 51 53 57 59 62 64 65 66 67 70 73 74 76 77 78 79 80 81 83 85 86 88 89 90 91 92 93 96 98 100 60
3 6 7 8 10 11 12 13 16 18 22 24 26 30 32 34 44 48 49 52 55 56 57 59 62 67 70 71 73 75 76 81 82 83 84 85 87 89 91 92 93 94 95 96 97 98 99 100 61
2 3 6 7 9 10 14 19 23 24 30 31 33 36 37 38 39 43 44 45 46 49 50 51 52 55 57 58 60 61 63 64 65 67 69 70 73 75 83 84 86 88 89 93 94 98 99 100 62
4 8 9 12 13 14 18 19 22 24 25 26 28 31 32 33 37 39 40 41 42 43 45 48 49 50 54 57 62 64 65 66 68 73 74 75 76 78 79 81 82 83 88 91 94 96 98 100 63
5 7 11 14 15 16 17 18 21 22 23 24 25 26 27 28 29 31 32 33 37 38 42 43 44 46 49 51 52 55 56 57 60 62 63 65 66 68 69 71 73 74 75 76 77 80 82 84 86 92 93 96 97 64
2 5 7 8 11 12 17 18 21 22 24 25 26 27 29 31 34 36 37 38 39 41 43 45 50 60 62 63 64 69 70 71 73 75 77 79 80 84 85 88 89 90 91 94 95 96 97 100 65
1 4 6 7 8 9 10 14 17 18 19 22 23 24 27 29 31 32 33 35 37 38 39 42 43 45 48 49 53 55 57 60 63 64 70 73 74 79 80 82 83 84 89 93 94 95 96 97 99 100 66
1 2 4 5 6 8 11 14 15 16 18 20 22 23 29 30 31 32 37 41 42 44 45 47 48 54 58 59 60 61 62 68 71 72 74 76 79 82 83 84 85 88 89 90 92 93 94 95 99 100 67
1 2 3 4 5 7 9 11 12 16 17 18 19 20 21 22 26 32 35 36 41 42 43 44 47 48 49 55 58 59 63 64 67 70 72 74 77 78 81 85 86 87 88 90 91 92 94 100 68
1 4 7 8 9 10 11 12 15 23 24 26 28 29 30 32 35 36 41 49 51 53 54 55 56 57 58 59 62 64 65 72 75 77 78 82 86 89 90 91 92 96 100 69
1 3 6 9 10 13 19 21 23 24 25 28 29 30 31 32 33 34 35 36 38 40 41 42 46 47 50 52 54 56 57 58 60 61 62 65 66 68 71 72 74 75 76 78 80 81 83 85 90 92 94 96 97 98 99 70
2 4 6 7 10 12 13 14 17 19 20 21 22 23 24 26 29 31 32 33 35 38 39 40 41 45 47 50 52 54 55 56 57 58 59 61 64 65 67 70 77 79 84 85 88 91 95 96 97 71
3 4 6 7 8 10 12 14 16 17 19 22 23 25 28 31 34 35 36 37 38 39 46 48 49 50 52 54 55 57 67 68 69 70 76 78 80 85 86 87 89 91 92 94 95 72
1 2 3 5 6 7 8 9 11 13 14 15 19 20 21 23 24 27 28 29 31 32 33 35 36 37 40 43 47 51 55 56 58 60 61 62 63 64 65 66 74 76 78 83 84 86 88 92 93 95 96 97 73
1 2 7 9 10 13 15 16 17 18 20 21 24 25 26 28 30 32 33 35 37 38 40 41 44 46 49 50 51 52 53 54 57 58 60 63 64 66 67 68 70 73 77 79 81 82 84 86 87 88 89 91 93 94 95 97 98 99 100 74
1 3 4 5 7 8 11 12 13 14 15 16 17 18 20 21 25 26 28 29 30 34 35 36 37 40 43 44 45 46 48 49 50 53 54 61 62 63 64 65 69 70 76 79 84 85 86 87 89 90 91 93 95 96 99 75
1 2 4 6 7 8 9 13 14 15 16 17 20 21 23 24 25 26 27 30 31 32 34 36 37 39 41 45 47 49 50 52 54 55 56 58 59 60 61 63 64 67 70 72 73 75 77 78 79 81 84 87 88 90 92 94 95 96 97 98 99 100 76
2 4 7 11 13 14 15 16 17 18 19 20 22 24 29 35 37 38 41 42 43 45 46 47 48 51 52 53 55 57 60 64 65 68 69 71 74 76 78 79 82 83 84 86 89 92 93 98 77
1 2 3 4 7 8 9 11 12 15 16 17 23 28 29 32 35 36 37 38 39 40 41 43 45 46 49 50 57 58 60 63 68 69 70 72 73 76 77 81 83 85 86 89 94 96 78
5 6 8 9 10 11 13 14 15 16 18 19 21 23 24 26 27 29 36 37 40 43 45 48 49 51 52 54 60 63 65 66 67 71 74 75 76 77 81 83 84 86 87 91 92 93 94 95 97 99 79
1 3 4 5 6 8 9 10 13 14 17 18 21 22 24 29 31 33 34 35 36 38 39 40 41 42 43 48 49 54 55 60 64 65 66 70 72 81 83 84 85 86 88 90 93 94 97 98 99 100 80
1 2 4 5 9 12 13 14 15 16 17 18 21 26 27 29 30 32 33 34 36 37 42 43 44 47 48 49 51 59 60 61 63 68 70 74 76 78 79 80 82 83 84 85 86 87 88 89 90 91 94 95 96 98 99 81
2 5 6 8 9 10 13 15 16 22 23 28 31 34 36 39 40 45 46 49 51 52 61 63 64 66 67 69 74 77 81 83 88 89 90 91 92 94 97 98 99 100 82
2 3 5 7 11 13 14 15 17 18 19 21 22 23 25 26 28 30 31 35 36 37 38 40 46 47 48 52 53 55 56 57 58 60 61 62 63 66 67 70 73 77 78 79 80 81 82 85 86 87 88 89 92 94 95 99 100 83
1 2 7 9 11 12 14 15 18 19 21 26 27 28 29 30 31 36 38 42 44 47 48 51 55 57 59 61 62 64 65 66 67 71 73 74 75 76 77 79 80 81 85 87 90 91 92 96 97 98 99 100 84
6 7 10 11 13 14 15 16 17 19 23 24 27 28 31 33 34 35 38 42 45 47 48 54 56 58 60 62 64 68 69 72 73 74 75 77 78 79 80 81 83 87 88 89 90 91 92 96 98 100 86
1 2 4 5 8 9 10 11 13 14 15 16 19 20 21 22 23 25 26 28 29 30 31 32 35 37 38 39 40 41 47 48 54 57 58 59 61 68 72 74 75 76 79 81 83 84 85 86 88 89 90 91 97 98 100 87
4 6 14 15 19 21 22 24 25 26 28 29 33 34 36 37 38 42 43 44 49 50 52 53 54 55 56 58 60 62 63 65 67 68 71 73 74 76 80 81 82 83 85 86 87 90 92 95 99 100 88
1 3 4 5 7 11 12 15 23 25 30 32 34 35 36 37 38 41 42 44 45 46 51 53 54 56 57 58 60 61 62 65 66 67 69 72 74 75 77 78 81 82 83 85 86 87 91 92 93 96 97 100 89
2 4 5 8 11 12 13 14 16 17 20 22 23 26 29 34 35 36 38 45 46 47 50 51 59 60 65 67 68 69 70 75 76 80 81 82 84 86 87 88 91 92 93 96 90
1 2 3 5 7 9 10 11 12 14 15 17 18 20 24 25 29 31 33 34 35 37 38 40 43 44 45 48 49 50 51 53 55 56 57 59 60 61 63 65 68 69 71 72 74 75 79 81 82 84 86 87 89 90 92 93 98 91
3 5 6 7 8 9 11 14 20 21 26 28 29 31 32 33 37 39 40 41 43 44 46 48 49 51 53 55 59 60 61 64 67 68 69 70 72 73 76 77 79 82 83 84 86 88 89 90 91 93 94 95 96 100 92
1 3 4 8 11 12 16 17 18 19 23 26 27 28 30 31 32 35 36 37 41 43 44 48 49 50 51 53 55 56 57 58 60 61 62 64 66 67 73 74 75 77 79 80 85 89 90 91 92 94 95 93
2 3 6 7 14 15 19 20 21 22 27 32 33 34 37 39 40 41 42 47 51 53 59 61 62 63 65 66 67 68 70 72 74 76 78 79 80 81 82 83 85 92 93 96 98 94
2 3 5 7 8 9 10 11 14 15 20 21 22 25 26 27 29 32 34 37 38 40 42 46 47 50 52 55 59 60 61 63 64 65 66 69 70 71 73 75 76 78 81 84 86 89 90 92 94 97 100 96
2 4 6 8 9 11 16 18 21 22 24 26 27 28 32 37 38 41 42 43 44 45 46 47 50 52 54 55 57 58 61 64 65 66 70 71 73 74 76 79 80 82 84 87 89 96 99 97
6 7 10 11 13 14 16 17 18 21 22 23 29 39 42 45 46 48 49 54 55 58 60 61 62 63 70 74 76 77 80 81 82 84 86 87 91 94 95 99 100 98
2 3 5 7 8 9 12 14 15 17 20 22 23 27 28 30 32 33 34 36 38 43 44 46 47 53 54 55 58 59 60 61 62 63 65 66 67 68 69 74 76 80 82 83 84 85 86 87 88 89 92 96 98 99 100
2 3 4 7 10 11 12 13 21 24 25 27 32 35 36 40 43 45 50 52 56 57 59 61 65 66 68 71 72 73 74 75 76 77 83 86 88 89 91 92 94 95 98 100
1 2 3 7 8 9 10 13 14 15 17 18 22 23 24 26 27 28 29 35 36 37 38 39 40 41 42 44 48 49 50 52 54 56 59 60 61 62 64 65 66 67 69 71 72 73 74 75 76 78 79 81 83 84 85 92 93 95 96 98
32 97 34 67 4 37 38 100 41 74 11 81 18 85 88 57 61
1 2 10 11 15 16 17 18 19 20 21 22 23 24 25 27 28 30 33 37 38 40 41 42 43 44 45 47 49 50 51 52 53 55 56 57 58 59 60 61 62 65 66 67 68 70 71 72 75 76 78 79 80 81 82 83 84 85 87 88 89 93 94 95 98 99 100
p3
2 3 4 7 9 10 11 12 13 14 19 21 23 24 29 30 31 33 37 39 42 44 45 47 49 50 52 53 55 58 66 67 68 69 70 73 74 75 76 78 80 81 84 85 87 89 91 93 1
1 3 7 8 9 12 15 16 20 21 24 25 26 29 34 36 38 40 41 42 45 46 47 51 52 53 56 57 59 62 65 67 68 71 73 74 76 77 78 81 82 83 84 85 87 90 91 94 95 96 97 100 2
1 2 5 7 8 9 10 12 13 14 16 17 18 19 21 23 24 25 26 28 30 34 35 41 42 43 44 45 55 56 57 58 60 61 62 68 70 72 73 75 78 80 83 89 91 92 93 94 95 96 100 3
1 7 10 13 15 17 18 19 20 22 25 26 29 34 35 36 38 41 42 46 48 49 50 51 52 53 54 56 57 59 63 66 67 68 69 71 72 75 76 77 78 80 81 87 88 89 90 93 97 99 4
3 6 8 9 10 11 18 19 23 27 36 39 41 46 48 50 55 56 58 59 60 64 65 67 68 73 75 79 80 81 82 83 87 89 90 91 92 96 100 5
5 8 9 11 12 14 16 17 18 20 21 22 24 26 27 28 30 33 37 38 39 41 42 44 46 48 49 52 54 56 57 58 61 62 66 67 70 71 72 73 76 79 80 82 86 88 92 94 97 98 6
2 3 5 6 10 11 13 15 16 23 27 28 29 30 31 32 33 35 38 39 40 42 43 45 46 50 52 54 57 58 59 61 63 65 66 67 69 72 73 75 76 78 79 80 82 87 90 92 93 95 96 97 100 8
1 2 3 5 6 7 10 11 12 13 18 19 20 21 22 24 25 26 27 28 29 31 32 33 35 39 41 51 52 53 54 59 62 63 66 68 69 70 73 74 76 78 79 80 81 82 84 87 91 92 96 97 100 9
1 3 4 5 7 8 9 14 15 17 18 20 21 22 23 25 27 29 33 34 36 37 38 40 41 42 43 44 49 53 54 56 60 61 62 66 69 70 71 72 74 79 80 82 85 86 87 91 95 96 98 99 10
1 5 6 7 8 9 12 14 17 18 20 28 34 36 37 38 40 41 42 44 47 49 51 56 57 58 59 61 64 65 67 68 69 73 75 77 78 79 83 84 85 86 87 89 90 91 92 93 96 97 98 99 11
1 2 3 6 7 9 11 13 20 21 24 25 26 29 30 31 32 34 36 37 40 41 44 45 46 49 50 55 56 60 61 63 65 68 69 71 72 75 78 81 84 89 90 91 93 100 12
1 3 4 7 8 9 12 15 17 18 19 20 21 23 25 26 27 28 36 38 40 41 47 48 49 54 56 58 61 63 70 71 73 74 75 76 77 79 80 81 82 83 86 87 90 95 98 13
1 3 6 10 11 16 17 18 19 22 23 24 27 28 29 30 31 34 36 37 41 42 45 46 47 54 59 62 63 64 66 67 71 72 73 75 76 77 79 80 81 83 84 86 87 88 90 91 92 94 95 96 98 100 14
2 4 8 10 13 17 18 19 24 26 30 32 33 34 36 37 38 39 40 41 44 47 48 49 51 54 55 56 57 59 64 67 69 73 74 75 76 77 78 79 81 82 83 84 86 87 88 89 91 94 95 96 99 100 15
2 3 6 8 14 17 18 20 22 23 24 25 26 27 29 31 32 33 35 36 38 44 45 46 47 48 49 50 54 55 58 59 60 61 64 67 68 72 74 75 76 77 78 79 81 82 85 86 87 90 93 97 98 99 16
3 4 6 10 11 13 14 15 16 19 20 21 24 29 30 31 32 33 34 36 40 41 42 44 47 48 50 51 54 55 59 60 64 65 66 68 71 72 74 75 76 77 78 80 81 83 85 86 90 91 93 95 98 100 17
3 4 5 6 9 10 11 13 14 15 16 20 21 22 23 25 27 29 31 32 33 36 38 39 40 47 49 52 53 54 56 58 59 60 61 63 64 65 66 67 68 74 75 77 79 80 81 83 84 85 91 93 95 97 98 99 18
1 3 4 5 9 13 14 15 17 26 28 32 34 35 39 40 43 46 47 48 50 51 53 56 62 63 66 68 70 71 72 73 77 79 83 84 85 86 87 88 93 94 99 19
2 4 6 9 10 11 12 13 16 17 18 22 23 24 25 28 29 30 31 32 34 35 36 37 38 40 41 42 44 46 47 50 55 56 57 58 60 67 68 71 73 74 75 76 77 85 87 90 91 92 94 96 99 100 20
1 2 3 6 9 10 12 13 17 18 22 24 25 27 28 29 31 33 34 35 40 41 42 43 44 45 46 47 50 54 57 58 60 64 65 68 70 71 73 74 75 76 79 80 81 83 84 85 87 88 92 94 95 96 97 98 99 21
4 6 9 10 14 16 18 20 21 23 27 29 31 32 36 37 39 40 41 45 47 48 51 52 54 55 59 60 61 63 64 65 66 67 68 71 72 77 80 82 83 87 88 90 94 95 96 97 98 99 100 22
1 3 5 7 8 10 13 14 16 18 20 22 33 34 36 38 39 40 42 43 45 50 52 54 56 59 62 64 66 67 69 70 71 72 73 76 78 79 82 83 85 86 87 89 90 93 98 100 23
1 2 3 6 7 9 12 14 15 16 17 20 21 25 26 28 29 30 32 33 38 39 41 42 43 44 45 49 51 52 55 56 59 61 62 63 64 65 66 69 70 71 73 74 76 77 79 80 86 88 91 95 97 99 24
2 3 4 7 9 10 12 13 16 18 20 21 24 27 29 31 33 35 36 40 41 42 43 46 47 49 50 53 55 56 57 60 63 64 65 70 72 74 75 76 83 87 88 89 91 96 99 25
2 3 4 6 9 12 13 15 16 19 24 27 30 31 33 34 35 37 38 40 41 43 44 46 47 49 52 54 60 61 63 64 65 68 69 71 74 75 76 79 81 83 84 87 88 90 92 93 95 96 97 26
5 6 7 8 9 10 13 14 16 18 21 22 25 26 30 32 33 35 36 37 41 43 45 48 51 52 53 55 56 57 58 59 64 65 66 73 76 79 81 84 86 93 94 95 96 97 99 100 27
3 6 7 8 9 11 13 14 19 20 21 24 30 31 32 34 36 37 41 46 49 52 57 60 63 64 69 70 72 73 74 75 78 82 83 84 85 86 87 88 92 93 97 100 28
1 2 4 8 9 10 12 14 16 17 18 20 21 22 24 25 30 33 34 37 38 40 41 46 47 51 54 56 58 59 64 65 66 67 69 70 71 73 75 77 78 79 80 81 84 87 88 90 91 92 95 96 98 29
1 3 6 8 12 14 15 17 20 24 26 27 28 29 33 34 37 39 40 46 48 49 50 54 56 57 58 59 61 62 67 69 70 74 75 76 81 83 84 85 87 89 93 100 30
1 8 9 12 14 16 17 18 20 21 22 25 26 28 33 34 37 38 39 42 44 45 46 47 48 50 55 62 63 64 65 66 67 70 71 72 73 76 80 82 83 84 86 87 91 92 93 31
7 8 9 12 15 16 17 18 19 20 22 24 27 28 33 34 36 38 39 42 43 44 47 49 50 51 52 55 56 57 61 63 64 66 67 68 69 70 71 73 74 76 78 81 87 89 92 93 94 96 97 99 100 32
1 6 8 9 10 15 16 17 18 21 23 24 25 26 27 29 30 31 32 38 40 41 43 45 46 47 50 57 59 60 62 63 64 66 70 71 73 74 80 81 85 86 88 91 92 94 100 33
2 3 4 10 11 12 14 15 17 19 20 21 23 26 28 29 30 31 32 38 41 42 44 47 48 51 54 56 57 59 61 65 70 72 75 76 80 81 82 86 88 89 90 91 94 96 99 100 34
3 4 7 8 9 16 19 20 21 25 26 27 39 40 41 42 43 44 46 55 57 58 59 60 66 68 69 70 71 72 73 74 75 77 78 80 83 86 87 89 90 91 93 95 35
2 4 5 7 10 11 12 13 14 15 16 17 18 20 22 23 25 27 28 32 37 39 41 44 47 49 50 51 52 53 54 55 57 58 59 62 65 68 69 70 72 73 75 76 78 79 80 81 82 83 84 88 89 90 93 95 100 36
1 6 10 11 12 14 15 20 22 26 27 28 29 30 31 36 38 40 41 42 43 44 45 47 48 53 54 55 56 59 60 62 63 64 65 66 67 72 73 74 75 76 77 78 79 81 83 85 87 88 89 91 92 93 94 95 96 97 99 37
2 4 6 8 10 11 13 15 16 18 20 23 24 26 29 31 32 33 34 37 39 40 42 43 46 47 49 51 54 55 57 58 60 62 64 65 66 70 71 72 74 77 78 80 83 84 85 86 87 88 89 90 91 95 96 97 99 100 38
1 5 6 7 8 9 15 18 19 22 23 24 30 31 32 35 36 38 41 42 43 44 46 47 49 52 53 54 56 57 58 59 60 62 63 65 66 71 72 76 78 80 82 87 92 94 98 39
2 7 8 10 11 12 13 15 17 18 19 20 21 22 23 25 26 29 30 33 35 37 38 41 42 45 46 50 51 52 53 56 57 60 63 70 71 73 74 75 78 79 80 82 83 87 91 92 94 95 96 99 40
2 3 4 5 6 9 10 11 12 13 14 15 17 20 21 22 24 25 26 27 28 29 33 34 35 36 37 39 40 42 45 47 48 49 50 53 55 56 60 63 65 67 68 69 70 71 74 76 77 78 80 85 87 89 92 93 94 95 97 99 41
1 2 3 4 6 7 8 10 11 14 17 20 21 23 24 25 31 32 34 35 37 38 39 40 41 44 46 47 48 49 50 63 64 66 67 68 70 77 80 81 84 85 86 88 89 94 96 97 98 99 42
3 8 10 19 21 23 24 25 26 27 32 33 35 37 38 39 46 47 49 50 51 54 55 58 62 63 64 65 66 68 73 75 77 78 79 80 81 85 88 91 92 93 95 97 100 43
1 3 6 10 11 12 15 16 17 20 21 24 26 31 32 34 35 36 37 39 42 47 49 50 57 61 62 64 67 68 74 75 81 84 85 88 89 91 92 93 95 97 99 100 44
1 2 3 7 8 12 14 16 21 22 23 24 27 31 33 37 40 41 47 48 49 50 51 53 54 56 62 63 65 66 67 71 75 76 77 78 79 82 86 89 90 91 97 98 99 45
2 4 5 6 8 12 14 16 19 20 21 25 26 28 29 30 31 33 35 38 39 40 42 43 49 52 53 57 62 64 70 72 74 75 77 78 82 83 89 90 92 96 97 98 100 46
1 2 11 13 14 15 16 17 18 19 20 21 22 25 26 29 31 32 33 34 36 37 38 39 41 42 43 44 45 50 52 53 57 60 67 68 70 71 73 76 77 81 83 84 85 86 87 90 94 96 97 100 47
4 5 6 13 15 16 17 19 22 27 30 31 34 37 41 42 45 49 50 51 54 56 57 59 60 61 63 66 67 68 72 75 77 79 80 81 83 84 86 87 91 92 93 95 98 48
1 4 6 10 11 12 13 15 16 18 24 25 26 28 30 32 36 38 39 41 42 43 44 45 46 48 50 51 53 54 55 56 60 61 62 63 64 66 68 69 72 74 75 76 78 79 80 81 82 88 91 92 93 95 98 99 49
1 4 5 7 8 12 16 17 19 20 21 23 25 30 31 32 33 36 40 41 42 43 44 45 47 48 49 52 56 58 59 60 62 63 65 70 71 72 74 75 76 78 88 90 91 93 95 96 97 99 50
2 4 9 11 15 17 19 22 24 27 29 32 34 36 38 40 43 45 48 49 53 54 56 57 58 60 62 64 69 73 74 77 79 81 82 84 85 89 90 91 92 93 94 51
1 2 4 6 7 8 9 18 22 23 24 26 27 28 32 36 39 40 46 47 50 53 55 56 58 61 62 64 70 71 72 74 76 77 79 82 83 85 88 95 96 97 99 52
1 2 4 9 10 18 19 25 27 36 37 39 40 41 45 46 47 49 51 52 54 55 57 58 59 60 66 69 74 75 77 83 85 88 89 91 92 93 94 100 53
4 6 8 9 10 13 14 15 16 17 18 21 22 23 26 29 30 34 36 37 38 39 43 45 48 49 51 53 57 59 63 67 69 70 71 72 74 75 76 79 80 86 87 88 89 95 97 98 100 54
1 3 5 12 15 16 17 20 22 24 25 27 31 32 35 36 37 38 41 43 49 52 53 56 57 61 62 64 66 68 69 71 72 73 76 77 80 83 84 85 88 91 92 93 96 97 98 99 100 55
2 3 4 5 6 7 10 11 12 13 15 18 19 20 23 24 25 27 29 30 32 34 37 39 40 41 45 48 49 50 51 52 55 59 61 64 69 70 71 73 76 83 85 86 88 89 91 93 95 56
2 3 4 6 7 8 11 15 20 21 25 27 28 30 32 33 34 35 36 38 39 40 44 46 47 48 51 53 54 55 58 59 60 61 62 63 64 66 69 70 71 72 74 77 78 83 84 85 87 89 91 93 97 99 57
1 3 5 6 8 11 13 16 18 20 21 27 29 30 35 36 38 39 43 50 51 52 53 57 59 62 67 68 69 70 71 73 74 76 78 83 85 86 87 88 89 93 97 98 99 100 58
2 4 5 7 8 9 11 14 15 16 17 18 22 23 24 27 29 30 33 34 35 36 37 39 48 50 53 54 56 57 58 60 61 67 68 69 71 76 81 84 85 87 90 91 92 94 95 96 100 59
3 5 7 10 12 16 17 18 20 21 22 25 26 28 33 35 37 38 39 40 41 47 48 49 50 51 53 57 59 62 64 65 66 67 70 73 74 76 77 78 79 80 81 83 85 86 88 89 90 91 92 93 96 98 100 60
3 6 7 8 10 11 12 13 16 18 22 24 26 30 32 34 44 48 49 52 55 56 57 59 62 67 70 71 73 75 76 81 82 83 84 85 87 89 91 92 93 94 95 96 97 98 99 100 61
2 3 6 7 9 10 14 19 23 24 30 31 33 36 37 38 39 43 44 45 46 49 50 51 52 55 57 58 60 61 63 64 65 67 69 70 73 75 83 84 86 88 89 93 94 98 99 100 62
4 8 9 12 13 14 18 19 22 24 25 26 28 31 32 33 37 39 40 41 42 43 45 48 49 50 54 57 62 64 65 66 68 73 74 75 76 78 79 81 82 83 88 91 94 96 98 100 63
5 7 11 14 15 16 17 18 21 22 23 24 25 26 27 28 29 31 32 33 37 38 42 43 44 46 49 51 52 55 56 57 60 62 63 65 66 68 69 71 73 74 75 76 77 80 82 84 86 92 93 96 97 64
2 5 7 8 11 12 17 18 21 22 24 25 26 27 29 31 34 36 37 38 39 41 43 45 50 60 62 63 64 69 70 71 73 75 77 79 80 84 85 88 89 90 91 94 95 96 97 100 65
1 4 6 7 8 9 10 14 17 18 19 22 23 24 27 29 31 32 33 35 37 38 39 42 43 45 48 49 53 55 57 60 63 64 70 73 74 79 80 82 83 84 89 93 94 95 96 97 99 100 66
1 2 4 5 6 8 11 14 15 16 18 20 22 23 29 30 31 32 37 41 42 44 45 47 48 54 58 59 60 61 62 68 71 72 74 76 79 82 83 84 85 88 89 90 92 93 94 95 99 100 67
1 2 3 4 5 7 9 11 12 16 17 18 19 20 21 22 26 32 35 36 41 42 43 44 47 48 49 55 58 59 63 64 67 70 72 74 77 78 81 85 86 87 88 90 91 92 94 100 68
1 4 7 8 9 10 11 12 15 23 24 26 28 29 30 32 35 36 41 49 51 53 54 55 56 57 58 59 62 64 65 72 75 77 78 82 86 89 90 91 92 96 100 69
1 3 6 9 10 13 19 21 23 24 25 28 29 30 31 32 33 34 35 36 38 40 41 42 46 47 50 52 54 56 57 58 60 61 62 65 66 68 71 72 74 75 76 78 80 81 83 85 90 92 94 96 97 98 99 70
2 4 6 7 10 12 13 14 17 19 20 21 22 23 24 26 29 31 32 33 35 38 39 40 41 45 47 50 52 54 55 56 57 58 59 61 64 65 67 70 77 79 84 85 88 91 95 96 97 71
3 4 6 7 8 10 12 14 16 17 19 22 23 25 28 31 34 35 36 37 38 39 46 48 49 50 52 54 55 57 67 68 69 70 76 78 80 85 86 87 89 91 92 94 95 72
1 2 3 5 6 7 8 9 11 13 14 15 19 20 21 23 24 27 28 29 31 32 33 35 36 37 40 43 47 51 55 56 58 60 61 62 63 64 65 66 74 76 78 83 84 86 88 92 93 95 96 97 73
1 2 7 9 10 13 15 16 17 18 20 21 24 25 26 28 30 32 33 35 37 38 40 41 44 46 49 50 51 52 53 54 57 58 60 63 64 66 67 68 70 73 77 79 81 82 84 86 87 88 89 91 93 94 95 97 98 99 100 74
1 3 4 5 7 8 11 12 13 14 15 16 17 18 20 21 25 26 28 29 30 34 35 36 37 40 43 44 45 46 48 49 50 53 54 61 62 63 64 65 69 70 76 79 84 85 86 87 89 90 91 93 95 96 99 75
1 2 4 6 7 8 9 13 14 15 16 17 20 21 23 24 25 26 27 30 31 32 34 36 37 39 41 45 47 49 50 52 54 55 56 58 59 60 61 63 64 67 70 72 73 75 77 78 79 81 84 87 88 90 92 94 95 96 97 98 99 100 76
2 4 7 11 13 14 15 16 17 18 19 20 22 24 29 35 37 38 41 42 43 45 46 47 48 51 52 53 55 57 60 64 65 68 69 71 74 76 78 79 82 83 84 86 89 92 93 98 77
1 2 3 4 7 8 9 11 12 15 16 17 23 28 29 32 35 36 37 38 39 40 41 43 45 46 49 50 57 58 60 63 68 69 70 72 73 76 77 81 83 85 86 89 94 96 78
5 6 8 9 10 11 13 14 15 16 18 19 21 23 24 26 27 29 36 37 40 43 45 48 49 51 52 54 60 63 65 66 67 71 74 75 76 77 81 83 84 86 87 91 92 93 94 95 97 99 79
1 3 4 5 6 8 9 10 13 14 17 18 21 22 24 29 31 33 34 35 36 38 39 40 41 42 43 48 49 54 55 60 64 65 66 70 72 81 83 84 85 86 88 90 93 94 97 98 99 100 80
1 2 4 5 9 12 13 14 15 16 17 18 21 26 27 29 30 32 33 34 36 37 42 43 44 47 48 49 51 59 60 61 63 68 70 74 76 78 79 80 82 83 84 85 86 87 88 89 90 91 94 95 96 98 99 81
2 5 6 8 9 10 13 15 16 22 23 28 31 34 36 39 40 45 46 49 51 52 61 63 64 66 67 69 74 77 81 83 88 89 90 91 92 94 97 98 99 100 82
2 3 5 7 11 13 14 15 17 18 19 21 22 23 25 26 28 30 31 35 36 37 38 40 46 47 48 52 53 55 56 57 58 60 61 62 63 66 67 70 73 77 78 79 80 81 82 85 86 87 88 89 92 94 95 99 100 83
1 2 7 9 11 12 14 15 18 19 21 26 27 28 29 30 31 36 38 42 44 47 48 51 55 57 59 61 62 64 65 66 67 71 73 74 75 76 77 79 80 81 85 87 90 91 92 96 97 98 99 100 84
1 2 10 11 16 17 18 19 20 21 23 28 30 33 37 38 41 42 43 44 47 51 52 53 55 56 57 58 59 60 61 65 67 68 70 71 72 75 78 80 81 83 84 87 88 89 93 94 95 99 100 85
6 7 10 11 13 14 15 16 17 19 23 24 27 28 31 33 34 35 38 42 45 47 48 54 56 58 60 62 64 68 69 72 73 74 75 77 78 79 80 81 83 87 88 89 90 91 92 96 98 100 86
1 2 4 5 8 9 10 11 13 14 15 16 19 20 21 22 23 25 26 28 29 30 31 32 35 37 38 39 40 41 47 48 54 57 58 59 61 68 72 74 75 76 79 81 83 84 85 86 88 89 90 91 97 98 100 87
4 6 14 15 19 21 22 24 25 26 28 29 33 34 36 37 38 42 43 44 49 50 52 53 54 55 56 58 60 62 63 65 67 68 71 73 74 76 80 81 82 83 85 86 87 90 92 95 99 100 88
1 3 4 5 7 11 12 15 23 25 30 32 34 35 36 37 38 41 42 44 45 46 51 53 54 56 57 58 60 61 62 65 66 67 69 72 74 75 77 78 81 82 83 85 86 87 91 92 93 96 97 100 89
2 4 5 8 11 12 13 14 16 17 20 22 23 26 29 34 35 36 38 45 46 47 50 51 59 60 65 67 68 69 70 75 76 80 81 82 84 86 87 88 91 92 93 96 90
1 2 3 5 7 9 10 11 12 14 15 17 18 20 24 25 29 31 33 34 35 37 38 40 43 44 45 48 49 50 51 53 55 56 57 59 60 61 63 65 68 69 71 72 74 75 79 81 82 84 86 87 89 90 92 93 98 91
3 5 6 7 8 9 11 14 20 21 26 28 29 31 32 33 37 39 40 41 43 44 46 48 49 51 53 55 59 60 61 64 67 68 69 70 72 73 76 77 79 82 83 84 86 88 89 90 91 93 94 95 96 100 92
1 3 4 8 11 12 16 17 18 19 23 26 27 28 30 31 32 35 36 37 41 43 44 48 49 50 51 53 55 56 57 58 60 61 62 64 66 67 73 74 75 77 79 80 85 89 90 91 92 94 95 93
2 3 6 7 14 15 19 20 21 22 27 32 33 34 37 39 40 41 42 47 51 53 59 61 62 63 65 66 67 68 70 72 74 76 78 79 80 81 82 83 85 92 93 96 98 94
2 3 5 7 8 9 10 11 14 15 20 21 22 25 26 27 29 32 34 37 38 40 42 46 47 50 52 55 59 60 61 63 64 65 66 69 70 71 73 75 76 78 81 84 86 89 90 92 94 97 100 96
2 4 6 8 9 11 16 18 21 22 24 26 27 28 32 37 38 41 42 43 44 45 46 47 50 52 54 55 57 58 61 64 65 66 70 71 73 74 76 79 80 82 84 87 89 96 99 97
6 7 10 11 13 14 16 17 18 21 22 23 29 39 42 45 46 48 49 54 55 58 60 61 62 63 70 74 76 77 80 81 82 84 86 87 91 94 95 99 100 98
4 10 11 15 16 18 19 20 21 22 24 25 27 32 34 37 38 40 41 42 44 45 49 50 52 55 57 58 61 62 66 67 70 74 75 76 79 80 81 82 83 84 85 88 97 98 100 99
2 3 5 7 8 9 12 14 15 17 20 22 23 27 28 30 32 33 34 36 38 43 44 46 47 53 54 55 58 59 60 61 62 63 65 66 67 68 69 74 76 80 82 83 84 85 86 87 88 89 92 96 98 99 100
2 3 4 7 10 11 12 13 21 24 25 27 32 35 36 40 43 45 50 52 56 57 59 61 65 66 68 71 72 73 74 75 76 77 83 86 88 89 91 92 94 95 98 100
1 2 3 7 8 9 10 13 14 15 17 18 22 23 24 26 27 28 29 35 36 37 38 39 40 41 42 44 48 49 50 52 54 56 59 60 61 62 64 65 66 67 69 71 72 73 74 75 76 78 79 81 83 84 85 92 93 95 96 98
p4
2 3 4 7 9 10 11 12 13 14 19 21 23 24 29 30 31 33 37 39 42 44 45 47 49 50 52 53 55 58 66 67 68 69 70 73 74 75 76 78 80 81 84 85 87 89 91 93 1
1 2 5 7 8 9 10 12 13 14 16 17 18 19 21 23 24 25 26 28 30 34 35 41 42 43 44 45 55 56 57 58 60 61 62 68 70 72 73 75 78 80 83 89 91 92 93 94 95 96 100 3
1 7 10 13 15 17 18 19 20 22 25 26 29 34 35 36 38 41 42 46 48 49 50 51 52 53 54 56 57 59 63 66 67 68 69 71 72 75 76 77 78 80 81 87 88 89 90 93 97 99 4
3 6 8 9 10 11 18 19 23 27 36 39 41 46 48 50 55 56 58 59 60 64 65 67 68 73 75 79 80 81 82 83 87 89 90 91 92 96 100 5
5 8 9 11 12 14 16 17 18 20 21 22 24 26 27 28 30 33 37 38 39 41 42 44 46 48 49 52 54 56 57 58 61 62 66 67 70 71 72 73 76 79 80 82 86 88 92 94 97 98 6
2 3 5 6 10 11 13 15 16 23 27 28 29 30 31 32 33 35 38 39 40 42 43 45 46 50 52 54 57 58 59 61 63 65 66 67 69 72 73 75 76 78 79 80 82 87 90 92 93 95 96 97 100 8
1 2 3 5 6 7 10 11 12 13 18 19 20 21 22 24 25 26 27 28 29 31 32 33 35 39 41 51 52 53 54 59 62 63 66 68 69 70 73 74 76 78 79 80 81 82 84 87 91 92 96 97 100 9
1 3 4 5 7 8 9 14 15 17 18 20 21 22 23 25 27 29 33 34 36 37 38 40 41 42 43 44 49 53 54 56 60 61 62 66 69 70 71 72 74 79 80 82 85 86 87 91 95 96 98 99 10
1 5 6 7 8 9 12 14 17 18 20 28 34 36 37 38 40 41 42 44 47 49 51 56 57 58 59 61 64 65 67 68 69 73 75 77 78 79 83 84 85 86 87 89 90 91 92 93 96 97 98 99 11
1 2 3 6 7 9 11 13 20 21 24 25 26 29 30 31 32 34 36 37 40 41 44 45 46 49 50 55 56 60 61 63 65 68 69 71 72 75 78 81 84 89 90 91 93 100 12
1 3 4 7 8 9 12 15 17 18 19 20 21 23 25 26 27 28 36 38 40 41 47 48 49 54 56 58 61 63 70 71 73 74 75 76 77 79 80 81 82 83 86 87 90 95 98 13
1 3 6 10 11 16 17 18 19 22 23 24 27 28 29 30 31 34 36 37 41 42 45 46 47 54 59 62 63 64 66 67 71 72 73 75 76 77 79 80 81 83 84 86 87 88 90 91 92 94 95 96 98 100 14
2 4 8 10 13 17 18 19 24 26 30 32 33 34 36 37 38 39 40 41 44 47 48 49 51 54 55 56 57 59 64 67 69 73 74 75 76 77 78 79 81 82 83 84 86 87 88 89 91 94 95 96 99 100 15
2 3 6 8 14 17 18 20 22 23 24 25 26 27 29 31 32 33 35 36 38 44 45 46 47 48 49 50 54 55 58 59 60 61 64 67 68 72 74 75 76 77 78 79 81 82 85 86 87 90 93 97 98 99 16
3 4 6 10 11 13 14 15 16 19 20 21 24 29 30 31 32 33 34 36 40 41 42 44 47 48 50 51 54 55 59 60 64 65 66 68 71 72 74 75 76 77 78 80 81 83 85 86 90 91 93 95 98 100 17
3 4 5 6 9 10 11 13 14 15 16 20 21 22 23 25 27 29 31 32 33 36 38 39 40 47 49 52 53 54 56 58 59 60 61 63 64 65 66 67 68 74 75 77 79 80 81 83 84 85 91 93 95 97 98 99 18
1 3 4 5 9 13 14 15 17 26 28 32 34 35 39 40 43 46 47 48 50 51 53 56 62 63 66 68 70 71 72 73 77 79 83 84 85 86 87 88 93 94 99 19
2 4 6 9 10 11 12 13 16 17 18 22 23 24 25 28 29 30 31 32 34 35 36 37 38 40 41 42 44 46 47 50 55 56 57 58 60 67 68 71 73 74 75 76 77 85 87 90 91 92 94 96 99 100 20
1 2 3 6 9 10 12 13 17 18 22 24 25 27 28 29 31 33 34 35 40 41 42 43 44 45 46 47 50 54 57 58 60 64 65 68 70 71 73 74 75 76 79 80 81 83 84 85 87 88 92 94 95 96 97 98 99 21
4 6 9 10 14 16 18 20 21 23 27 29 31 32 36 37 39 40 41 45 47 48 51 52 54 55 59 60 61 63 64 65 66 67 68 71 72 77 80 82 83 87 88 90 94 95 96 97 98 99 100 22
1 3 5 7 8 10 13 14 16 18 20 22 33 34 36 38 39 40 42 43 45 50 52 54 56 59 62 64 66 67 69 70 71 72 73 76 78 79 82 83 85 86 87 89 90 93 98 100 23
1 2 3 6 7 9 12 14 15 16 17 20 21 25 26 28 29 30 32 33 38 39 41 42 43 44 45 49 51 52 55 56 59 61 62 63 64 65 66 69 70 71 73 74 76 77 79 80 86 88 91 95 97 99 24
2 3 4 7 9 10 12 13 16 18 20 21 24 27 29 31 33 35 36 40 41 42 43 46 47 49 50 53 55 56 57 60 63 64 65 70 72 74 75 76 83 87 88 89 91 96 99 25
2 3 4 6 9 12 13 15 16 19 24 27 30 31 33 34 35 37 38 40 41 43 44 46 47 49 52 54 60 61 63 64 65 68 69 71 74 75 76 79 81 83 84 87 88 90 92 93 95 96 97 26
3 6 7 8 9 11 13 14 19 20 21 24 30 31 32 34 36 37 41 46 49 52 57 60 63 64 69 70 72 73 74 75 78 82 83 84 85 86 87 88 92 93 97 100 28
1 2 4 8 9 10 12 14 16 17 18 20 21 22 24 25 30 33 34 37 38 40 41 46 47 51 54 56 58 59 64 65 66 67 69 70 71 73 75 77 78 79 80 81 84 87 88 90 91 92 95 96 98 29
1 3 6 8 12 14 15 17 20 24 26 27 28 29 33 34 37 39 40 46 48 49 50 54 56 57 58 59 61 62 67 69 70 74 75 76 81 83 84 85 87 89 93 100 30
1 8 9 12 14 16 17 18 20 21 22 25 26 28 33 34 37 38 39 42 44 45 46 47 48 50 55 62 63 64 65 66 67 70 71 72 73 76 80 82 83 84 86 87 91 92 93 31
7 8 9 12 15 16 17 18 19 20 22 24 27 28 33 34 36 38 39 42 43 44 47 49 50 51 52 55 56 57 61 63 64 66 67 68 69 70 71 73 74 76 78 81 87 89 92 93 94 96 97 99 100 32
1 6 8 9 10 15 16 17 18 21 23 24 25 26 27 29 30 31 32 38 40 41 43 45 46 47 50 57 59 60 62 63 64 66 70 71 73 74 80 81 85 86 88 91 92 94 100 33
2 3 4 10 11 12 14 15 17 19 20 21 23 26 28 29 30 31 32 38 41 42 44 47 48 51 54 56 57 59 61 65 70 72 75 76 80 81 82 86 88 89 90 91 94 96 99 100 34
3 4 7 8 9 16 19 20 21 25 26 27 39 40 41 42 43 44 46 55 57 58 59 60 66 68 69 70 71 72 73 74 75 77 78 80 83 86 87 89 90 91 93 95 35
2 4 5 7 10 11 12 13 14 15 16 17 18 20 22 23 25 27 28 32 37 39 41 44 47 49 50 51 52 53 54 55 57 58 59 62 65 68 69 70 72 73 75 76 78 79 80 81 82 83 84 88 89 90 93 95 100 36
1 6 10 11 12 14 15 20 22 26 27 28 29 30 31 36 38 40 41 42 43 44 45 47 48 53 54 55 56 59 60 62 63 64 65 66 67 72 73 74 75 76 77 78 79 81 83 85 87 88 89 91 92 93 94 95 96 97 99 37
2 4 6 8 10 11 13 15 16 18 20 23 24 26 29 31 32 33 34 37 39 40 42 43 46 47 49 51 54 55 57 58 60 62 64 65 66 70 71 72 74 77 78 80 83 84 85 86 87 88 89 90 91 95 96 97 99 100 38
1 5 6 7 8 9 15 18 19 22 23 24 30 31 32 35 36 38 41 42 43 44 46 47 49 52 53 54 56 57 58 59 60 62 63 65 66 71 72 76 78 80 82 87 92 94 98 39
2 7 8 10 11 12 13 15 17 18 19 20 21 22 23 25 26 29 30 33 35 37 38 41 42 45 46 50 51 52 53 56 57 60 63 70 71 73 74 75 78 79 80 82 83 87 91 92 94 95 96 99 40
2 3 4 5 6 9 10 11 12 13 14 15 17 20 21 22 24 25 26 27 28 29 33 34 35 36 37 39 40 42 45 47 48 49 50 53 55 56 60 63 65 67 68 69 70 71 74 76 77 78 80 85 87 89 92 93 94 95 97 99 41
1 2 3 4 6 7 8 10 11 14 17 20 21 23 24 25 31 32 34 35 37 38 39 40 41 44 46 47 48 49 50 63 64 66 67 68 70 77 80 81 84 85 86 88 89 94 96 97 98 99 42
3 8 10 19 21 23 24 25 26 27 32 33 35 37 38 39 46 47 49 50 51 54 55 58 62 63 64 65 66 68 73 75 77 78 79 80 81 85 88 91 92 93 95 97 100 43
1 3 6 10 11 12 15 16 17 20 21 24 26 31 32 34 35 36 37 39 42 47 49 50 57 61 62 64 67 68 74 75 81 84 85 88 89 91 92 93 95 97 99 100 44
1 2 3 7 8 12 14 16 21 22 23 24 27 31 33 37 40 41 47 48 49 50 51 53 54 56 62 63 65 66 67 71 75 76 77 78 79 82 86 89 90 91 97 98 99 45
2 4 5 6 8 12 14 16 19 20 21 25 26 28 29 30 31 33 35 38 39 40 42 43 49 52 53 57 62 64 70 72 74 75 77 78 82 83 89 90 92 96 97 98 100 46
1 2 11 13 14 15 16 17 18 19 20 21 22 25 26 29 31 32 33 34 36 37 38 39 41 42 43 44 45 50 52 53 57 60 67 68 70 71 73 76 77 81 83 84 85 86 87 90 94 96 97 100 47
4 5 6 13 15 16 17 19 22 27 30 31 34 37 41 42 45 49 50 51 54 56 57 59 60 61 63 66 67 68 72 75 77 79 80 81 83 84 86 87 91 92 93 95 98 48
1 4 6 10 11 12 13 15 16 18 24 25 26 28 30 32 36 38 39 41 42 43 44 45 46 48 50 51 53 54 55 56 60 61 62 63 64 66 68 69 72 74 75 76 78 79 80 81 82 88 91 92 93 95 98 99 49
1 4 5 7 8 12 16 17 19 20 21 23 25 30 31 32 33 36 40 41 42 43 44 45 47 48 49 52 56 58 59 60 62 63 65 70 71 72 74 75 76 78 88 90 91 93 95 96 97 99 50
2 4 9 11 15 17 19 22 24 27 29 32 34 36 38 40 43 45 48 49 53 54 56 57 58 60 62 64 69 73 74 77 79 81 82 84 85 89 90 91 92 93 94 51
1 2 4 6 7 8 9 18 22 23 24 26 27 28 32 36 39 40 46 47 50 53 55 56 58 61 62 64 70 71 72 74 76 77 79 82 83 85 88 95 96 97 99 52
1 2 4 9 10 18 19 25 27 36 37 39 40 41 45 46 47 49 51 52 54 55 57 58 59 60 66 69 74 75 77 83 85 88 89 91 92 93 94 100 53
4 6 8 9 10 13 14 15 16 17 18 21 22 23 26 29 30 34 36 37 38 39 43 45 48 49 51 53 57 59 63 67 69 70 71 72 74 75 76 79 80 86 87 88 89 95 97 98 100 54
1 3 5 12 15 16 17 20 22 24 25 27 31 32 35 36 37 38 41 43 49 52 53 56 57 61 62 64 66 68 69 71 72 73 76 77 80 83 84 85 88 91 92 93 96 97 98 99 100 55
2 3 4 5 6 7 10 11 12 13 15 18 19 20 23 24 25 27 29 30 32 34 37 39 40 41 45 48 49 50 51 52 55 59 61 64 69 70 71 73 76 83 85 86 88 89 91 93 95 56
2 3 4 6 7 8 11 15 20 21 25 27 28 30 32 33 34 35 36 38 39 40 44 46 47 48 51 53 54 55 58 59 60 61 62 63 64 66 69 70 71 72 74 77 78 83 84 85 87 89 91 93 97 99 57
1 3 5 6 8 11 13 16 18 20 21 27 29 30 35 36 38 39 43 50 51 52 53 57 59 62 67 68 69 70 71 73 74 76 78 83 85 86 87 88 89 93 97 98 99 100 58
2 4 5 7 8 9 11 14 15 16 17 18 22 23 24 27 29 30 33 34 35 36 37 39 48 50 53 54 56 57 58 60 61 67 68 69 71 76 81 84 85 87 90 91 92 94 95 96 100 59
3 5 7 10 12 16 17 18 20 21 22 25 26 28 33 35 37 38 39 40 41 47 48 49 50 51 53 57 59 62 64 65 66 67 70 73 74 76 77 78 79 80 81 83 85 86 88 89 90 91 92 93 96 98 100 60
3 6 7 8 10 11 12 13 16 18 22 24 26 30 32 34 44 48 49 52 55 56 57 59 62 67 70 71 73 75 76 81 82 83 84 85 87 89 91 92 93 94 95 96 97 98 99 100 61
2 3 6 7 9 10 14 19 23 24 30 31 33 36 37 38 39 43 44 45 46 49 50 51 52 55 57 58 60 61 63 64 65 67 69 70 73 75 83 84 86 88 89 93 94 98 99 100 62
4 8 9 12 13 14 18 19 22 24 25 26 28 31 32 33 37 39 40 41 42 43 45 48 49 50 54 57 62 64 65 66 68 73 74 75 76 78 79 81 82 83 88 91 94 96 98 100 63
5 7 11 14 15 16 17 18 21 22 23 24 25 26 27 28 29 31 32 33 37 38 42 43 44 46 49 51 52 55 56 57 60 62 63 65 66 68 69 71 73 74 75 76 77 80 82 84 86 92 93 96 97 64
2 5 7 8 11 12 17 18 21 22 24 25 26 27 29 31 34 36 37 38 39 41 43 45 50 60 62 63 64 69 70 71 73 75 77 79 80 84 85 88 89 90 91 94 95 96 97 100 65
1 4 6 7 8 9 10 14 17 18 19 22 23 24 27 29 31 32 33 35 37 38 39 42 43 45 48 49 53 55 57 60 63 64 70 73 74 79 80 82 83 84 89 93 94 95 96 97 99 100 66
1 2 4 5 6 8 11 14 15 16 18 20 22 23 29 30 31 32 37 41 42 44 45 47 48 54 58 59 60 61 62 68 71 72 74 76 79 82 83 84 85 88 89 90 92 93 94 95 99 100 67
1 2 3 4 5 7 9 11 12 16 17 18 19 20 21 22 26 32 35 36 41 42 43 44 47 48 49 55 58 59 63 64 67 70 72 74 77 78 81 85 86 87 88 90 91 92 94 100 68
1 4 7 8 9 10 11 12 15 23 24 26 28 29 30 32 35 36 41 49 51 53 54 55 56 57 58 59 62 64 65 72 75 77 78 82 86 89 90 91 92 96 100 69
1 3 6 9 10 13 19 21 23 24 25 28 29 30 31 32 33 34 35 36 38 40 41 42 46 47 50 52 54 56 57 58 60 61 62 65 66 68 71 72 74 75 76 78 80 81 83 85 90 92 94 96 97 98 99 70
2 4 6 7 10 12 13 14 17 19 20 21 22 23 24 26 29 31 32 33 35 38 39 40 41 45 47 50 52 54 55 56 57 58 59 61 64 65 67 70 77 79 84 85 88 91 95 96 97 71
3 4 6 7 8 10 12 14 16 17 19 22 23 25 28 31 34 35 36 37 38 39 46 48 49 50 52 54 55 57 67 68 69 70 76 78 80 85 86 87 89 91 92 94 95 72
1 2 3 5 6 7 8 9 11 13 14 15 19 20 21 23 24 27 28 29 31 32 33 35 36 37 40 43 47 51 55 56 58 60 61 62 63 64 65 66 74 76 78 83 84 86 88 92 93 95 96 97 73
1 2 7 9 10 13 15 16 17 18 20 21 24 25 26 28 30 32 33 35 37 38 40 41 44 46 49 50 51 52 53 54 57 58 60 63 64 66 67 68 70 73 77 79 81 82 84 86 87 88 89 91 93 94 95 97 98 99 100 74
1 3 4 5 7 8 11 12 13 14 15 16 17 18 20 21 25 26 28 29 30 34 35 36 37 40 43 44 45 46 48 49 50 53 54 61 62 63 64 65 69 70 76 79 84 85 86 87 89 90 91 93 95 96 99 75
1 2 4 6 7 8 9 13 14 15 16 17 20 21 23 24 25 26 27 30 31 32 34 36 37 39 41 45 47 49 50 52 54 55 56 58 59 60 61 63 64 67 70 72 73 75 77 78 79 81 84 87 88 90 92 94 95 96 97 98 99 100 76
2 4 7 11 13 14 15 16 17 18 19 20 22 24 29 35 37 38 41 42 43 45 46 47 48 51 52 53 55 57 60 64 65 68 69 71 74 76 78 79 82 83 84 86 89 92 93 98 77
1 2 3 4 7 8 9 11 12 15 16 17 23 28 29 32 35 36 37 38 39 40 41 43 45 46 49 50 57 58 60 63 68 69 70 72 73 76 77 81 83 85 86 89 94 96 78
5 6 8 9 10 11 13 14 15 16 18 19 21 23 24 26 27 29 36 37 40 43 45 48 49 51 52 54 60 63 65 66 67 71 74 75 76 77 81 83 84 86 87 91 92 93 94 95 97 99 79
1 3 4 5 6 8 9 10 13 14 17 18 21 22 24 29 31 33 34 35 36 38 39 40 41 42 43 48 49 54 55 60 64 65 66 70 72 81 83 84 85 86 88 90 93 94 97 98 99 100 80
1 2 4 5 9 12 13 14 15 16 17 18 21 26 27 29 30 32 33 34 36 37 42 43 44 47 48 49 51 59 60 61 63 68 70 74 76 78 79 80 82 83 84 85 86 87 88 89 90 91 94 95 96 98 99 81
2 5 6 8 9 10 13 15 16 22 23 28 31 34 36 39 40 45 46 49 51 52 61 63 64 66 67 69 74 77 81 83 88 89 90 91 92 94 97 98 99 100 82
2 3 5 7 11 13 14 15 17 18 19 21 22 23 25 26 28 30 31 35 36 37 38 40 46 47 48 52 53 55 56 57 58 60 61 62 63 66 67 70 73 77 78 79 80 81 82 85 86 87 88 89 92 94 95 99 100 83
1 2 7 9 11 12 14 15 18 19 21 26 27 28 29 30 31 36 38 42 44 47 48 51 55 57 59 61 62 64 65 66 67 71 73 74 75 76 77 79 80 81 85 87 90 91 92 96 97 98 99 100 84
1 2 10 11 16 17 18 19 20 21 23 28 30 33 37 38 41 42 43 44 47 51 52 53 55 56 57 58 59 60 61 65 67 68 70 71 72 75 78 80 81 83 84 87 88 89 93 94 95 99 100 85
6 7 10 11 13 14 15 16 17 19 23 24 27 28 31 33 34 35 38 42 45 47 48 54 56 58 60 62 64 68 69 72 73 74 75 77 78 79 80 81 83 87 88 89 90 91 92 96 98 100 86
1 2 4 5 8 9 10 11 13 14 15 16 19 20 21 22 23 25 26 28 29 30 31 32 35 37 38 39 40 41 47 48 54 57 58 59 61 68 72 74 75 76 79 81 83 84 85 86 88 89 90 91 97 98 100 87
4 6 14 15 19 21 22 24 25 26 28 29 33 34 36 37 38 42 43 44 49 50 52 53 54 55 56 58 60 62 63 65 67 68 71 73 74 76 80 81 82 83 85 86 87 90 92 95 99 100 88
1 3 4 5 7 11 12 15 23 25 30 32 34 35 36 37 38 41 42 44 45 46 51 53 54 56 57 58 60 61 62 65 66 67 69 72 74 75 77 78 81 82 83 85 86 87 91 92 93 96 97 100 89
2 4 5 8 11 12 13 14 16 17 20 22 23 26 29 34 35 36 38 45 46 47 50 51 59 60 65 67 68 69 70 75 76 80 81 82 84 86 87 88 91 92 93 96 90
1 2 3 5 7 9 10 11 12 14 15 17 18 20 24 25 29 31 33 34 35 37 38 40 43 44 45 48 49 50 51 53 55 56 57 59 60 61 63 65 68 69 71 72 74 75 79 81 82 84 86 87 89 90 92 93 98 91
3 5 6 7 8 9 11 14 20 21 26 28 29 31 32 33 37 39 40 41 43 44 46 48 49 51 53 55 59 60 61 64 67 68 69 70 72 73 76 77 79 82 83 84 86 88 89 90 91 93 94 95 96 100 92
1 3 4 8 11 12 16 17 18 19 23 26 27 28 30 31 32 35 36 37 41 43 44 48 49 50 51 53 55 56 57 58 60 61 62 64 66 67 73 74 75 77 79 80 85 89 90 91 92 94 95 93
2 3 6 7 14 15 19 20 21 22 27 32 33 34 37 39 40 41 42 47 51 53 59 61 62 63 65 66 67 68 70 72 74 76 78 79 80 81 82 83 85 92 93 96 98 94
2 3 5 7 8 9 10 11 14 15 20 21 22 25 26 27 29 32 34 37 38 40 42 46 47 50 52 55 59 60 61 63 64 65 66 69 70 71 73 75 76 78 81 84 86 89 90 92 94 97 100 96
2 4 6 8 9 11 16 18 21 22 24 26 27 28 32 37 38 41 42 43 44 45 46 47 50 52 54 55 57 58 61 64 65 66 70 71 73 74 76 79 80 82 84 87 89 96 99 97
6 7 10 11 13 14 16 17 18 21 22 23 29 39 42 45 46 48 49 54 55 58 60 61 62 63 70 74 76 77 80 81 82 84 86 87 91 94 95 99 100 98
4 10 11 15 16 18 19 20 21 22 24 25 27 32 34 37 38 40 41 42 44 45 49 50 52 55 57 58 61 62 66 67 70 74 75 76 79 80 81 82 83 84 85 88 97 98 100 99
2 3 5 7 8 9 12 14 15 17 20 22 23 27 28 30 32 33 34 36 38 43 44 46 47 53 54 55 58 59 60 61 62 63 65 66 67 68 69 74 76 80 82 83 84 85 86 87 88 89 92 96 98 99 100
2 3 4 7 10 11 12 13 21 24 25 27 32 35 36 40 43 45 50 52 56 57 59 61 65 66 68 71 72 73 74 75 76 77 83 86 88 89 91 92 94 95 98 100
1 2 3 7 8 9 10 13 14 15 17 18 22 23 24 26 27 28 29 35 36 37 38 39 40 41 42 44 48 49 50 52 54 56 59 60 61 62 64 65 66 67 69 71 72 73 74 75 76 78 79 81 83 84 85 92 93 95 96 98
5 6 8 10 13 16 21 22 25 26 27 30 32 33 35 37 41 43 45 48 56 58 59 64 66 73 76 79 81 84 86 93 94 96 97 99 100
1 2 3 7 8 9 12 14 15 16 18 20 21 24 25 26 29 34 36 38 40 41 42 45 46 47 51 52 53 55 56 57 59 62 65 67 68 71 73 74 76 77 78 81 82 83 84 85 87 90 91 94 95 96 97 100
p5
2 3 4 7 9 10 11 12 13 14 19 21 23 24 29 30 31 33 37 39 42 44 45 47 49 50 52 53 55 58 66 67 68 69 70 73 74 75 76 78 80 81 84 85 87 89 91 93 1
1 3 7 8 9 12 15 16 20 21 24 25 26 29 34 36 38 40 41 42 45 46 47 51 52 53 56 57 59 62 65 67 68 71 73 74 76 77 78 81 82 83 84 85 87 90 91 94 95 96 97 100 2
1 2 5 7 8 9 10 12 13 14 16 17 18 19 21 23 24 25 26 28 30 34 35 41 42 43 44 45 55 56 57 58 60 61 62 68 70 72 73 75 78 80 83 89 91 92 93 94 95 96 100 3
1 7 10 13 15 17 18 19 20 22 25 26 29 34 35 36 38 41 42 46 48 49 50 51 52 53 54 56 57 59 63 66 67 68 69 71 72 75 76 77 78 80 81 87 88 89 90 93 97 99 4
3 6 8 9 10 11 18 19 23 27 36 39 41 46 48 50 55 56 58 59 60 64 65 67 68 73 75 79 80 81 82 83 87 89 90 91 92 96 100 5
5 8 9 11 12 14 16 17 18 20 21 22 24 26 27 28 30 33 37 38 39 41 42 44 46 48 49 52 54 56 57 58 61 62 66 67 70 71 72 73 76 79 80 82 86 88 92 94 97 98 6
2 3 5 6 10 11 13 15 16 23 27 28 29 30 31 32 33 35 38 39 40 42 43 45 46 50 52 54 57 58 59 61 63 65 66 67 69 72 73 75 76 78 79 80 82 87 90 92 93 95 96 97 100 8
1 2 3 5 6 7 10 11 12 13 18 19 20 21 22 24 25 26 27 28 29 31 32 33 35 39 41 51 52 53 54 59 62 63 66 68 69 70 73 74 76 78 79 80 81 82 84 87 91 92 96 97 100 9
1 5 6 7 8 9 12 14 17 18 20 28 34 36 37 38 40 41 42 44 47 49 51 56 57 58 59 61 64 65 67 68 69 73 75 77 78 79 83 84 85 86 87 89 90 91 92 93 96 97 98 99 11
1 2 3 6 7 9 11 13 20 21 24 25 26 29 30 31 32 34 36 37 40 41 44 45 46 49 50 55 56 60 61 63 65 68 69 71 72 75 78 81 84 89 90 91 93 100 12
1 3 4 7 8 9 12 15 17 18 19 20 21 23 25 26 27 28 36 38 40 41 47 48 49 54 56 58 61 63 70 71 73 74 75 76 77 79 80 81 82 83 86 87 90 95 98 13
1 3 6 10 11 16 17 18 19 22 23 24 27 28 29 30 31 34 36 37 41 42 45 46 47 54 59 62 63 64 66 67 71 72 73 75 76 77 79 80 81 83 84 86 87 88 90 91 92 94 95 96 98 100 14
2 4 8 10 13 17 18 19 24 26 30 32 33 34 36 37 38 39 40 41 44 47 48 49 51 54 55 56 57 59 64 67 69 73 74 75 76 77 78 79 81 82 83 84 86 87 88 89 91 94 95 96 99 100 15
2 3 6 8 14 17 18 20 22 23 24 25 26 27 29 31 32 33 35 36 38 44 45 46 47 48 49 50 54 55 58 59 60 61 64 67 68 72 74 75 76 77 78 79 81 82 85 86 87 90 93 97 98 99 16
3 4 6 10 11 13 14 15 16 19 20 21 24 29 30 31 32 33 34 36 40 41 42 44 47 48 50 51 54 55 59 60 64 65 66 68 71 72 74 75 76 77 78 80 81 83 85 86 90 91 93 95 98 100 17
3 4 5 6 9 10 11 13 14 15 16 20 21 22 23 25 27 29 31 32 33 36 38 39 40 47 49 52 53 54 56 58 59 60 61 63 64 65 66 67 68 74 75 77 79 80 81 83 84 85 91 93 95 97 98 99 18
1 3 4 5 9 13 14 15 17 26 28 32 34 35 39 40 43 46 47 48 50 51 53 56 62 63 66 68 70 71 72 73 77 79 83 84 85 86 87 88 93 94 99 19
2 4 6 9 10 11 12 13 16 17 18 22 23 24 25 28 29 30 31 32 34 35 36 37 38 40 41 42 44 46 47 50 55 56 57 58 60 67 68 71 73 74 75 76 77 85 87 90 91 92 94 96 99 100 20
1 2 3 6 9 10 12 13 17 18 22 24 25 27 28 29 31 33 34 35 40 41 42 43 44 45 46 47 50 54 57 58 60 64 65 68 70 71 73 74 75 76 79 80 81 83 84 85 87 88 92 94 95 96 97 98 99 21
4 6 9 10 14 16 18 20 21 23 27 29 31 32 36 37 39 40 41 45 47 48 51 52 54 55 59 60 61 63 64 65 66 67 68 71 72 77 80 82 83 87 88 90 94 95 96 97 98 99 100 22
1 3 5 7 8 10 13 14 16 18 20 22 33 34 36 38 39 40 42 43 45 50 52 54 56 59 62 64 66 67 69 70 71 72 73 76 78 79 82 83 85 86 87 89 90 93 98 100 23
1 2 3 6 7 9 12 14 15 16 17 20 21 25 26 28 29 30 32 33 38 39 41 42 43 44 45 49 51 52 55 56 59 61 62 63 64 65 66 69 70 71 73 74 76 77 79 80 86 88 91 95 97 99 24
2 3 4 7 9 10 12 13 16 18 20 21 24 27 29 31 33 35 36 40 41 42 43 46 47 49 50 53 55 56 57 60 63 64 65 70 72 74 75 76 83 87 88 89 91 96 99 25
2 3 4 6 9 12 13 15 16 19 24 27 30 31 33 34 35 37 38 40 41 43 44 46 47 49 52 54 60 61 63 64 65 68 69 71 74 75 76 79 81 83 84 87 88 90 92 93 95 96 97 26
5 6 7 8 9 10 13 14 16 18 21 22 25 26 30 32 33 35 36 37 41 43 45 48 51 52 53 55 56 57 58 59 64 65 66 73 76 79 81 84 86 93 94 95 96 97 99 100 27
3 6 7 8 9 11 13 14 19 20 21 24 30 31 32 34 36 37 41 46 49 52 57 60 63 64 69 70 72 73 74 75 78 82 83 84 85 86 87 88 92 93 97 100 28
1 2 4 8 9 10 12 14 16 17 18 20 21 22 24 25 30 33 34 37 38 40 41 46 47 51 54 56 58 59 64 65 66 67 69 70 71 73 75 77 78 79 80 81 84 87 88 90 91 92 95 96 98 29
1 3 6 8 12 14 15 17 20 24 26 27 28 29 33 34 37 39 40 46 48 49 50 54 56 57 58 59 61 62 67 69 70 74 75 76 81 83 84 85 87 89 93 100 30
1 8 9 12 14 16 17 18 20 21 22 25 26 28 33 34 37 38 39 42 44 45 46 47 48 50 55 62 63 64 65 66 67 70 71 72 73 76 80 82 83 84 86 87 91 92 93 31
7 8 9 12 15 16 17 18 19 20 22 24 27 28 33 34 36 38 39 42 43 44 47 49 50 51 52 55 56 57 61 63 64 66 67 68 69 70 71 73 74 76 78 81 87 89 92 93 94 96 97 99 100 32
1 6 8 9 10 15 16 17 18 21 23 24 25 26 27 29 30 31 32 38 40 41 43 45 46 47 50 57 59 60 62 63 64 66 70 71 73 74 80 81 85 86 88 91 92 94 100 33
2 3 4 10 11 12 14 15 17 19 20 21 23 26 28 29 30 31 32 38 41 42 44 47 48 51 54 56 57 59 61 65 70 72 75 76 80 81 82 86 88 89 90 91 94 96 99 100 34
3 4 7 8 9 16 19 20 21 25 26 27 39 40 41 42 43 44 46 55 57 58 59 60 66 68 69 70 71 72 73 74 75 77 78 80 83 86 87 89 90 91 93 95 35
2 4 5 7 10 11 12 13 14 15 16 17 18 20 22 23 25 27 28 32 37 39 41 44 47 49 50 51 52 53 54 55 57 58 59 62 65 68 69 70 72 73 75 76 78 79 80 81 82 83 84 88 89 90 93 95 100 36
1 6 10 11 12 14 15 20 22 26 27 28 29 30 31 36 38 40 41 42 43 44 45 47 48 53 54 55 56 59 60 62 63 64 65 66 67 72 73 74 75 76 77 78 79 81 83 85 87 88 89 91 92 93 94 95 96 97 99 37
2 4 6 8 10 11 13 15 16 18 20 23 24 26 29 31 32 33 34 37 39 40 42 43 46 47 49 51 54 55 57 58 60 62 64 65 66 70 71 72 74 77 78 80 83 84 85 86 87 88 89 90 91 95 96 97 99 100 38
1 5 6 7 8 9 15 18 19 22 23 24 30 31 32 35 36 38 41 42 43 44 46 47 49 52 53 54 56 57 58 59 60 62 63 65 66 71 72 76 78 80 82 87 92 94 98 39
2 7 8 10 11 12 13 15 17 18 19 20 21 22 23 25 26 29 30 33 35 37 38 41 42 45 46 50 51 52 53 56 57 60 63 70 71 73 74 75 78 79 80 82 83 87 91 92 94 95 96 99 40
2 3 4 5 6 9 10 11 12 13 14 15 17 20 21 22 24 25 26 27 28 29 33 34 35 36 37 39 40 42 45 47 48 49 50 53 55 56 60 63 65 67 68 69 70 71 74 76 77 78 80 85 87 89 92 93 94 95 97 99 41
1 2 3 4 6 7 8 10 11 14 17 20 21 23 24 25 31 32 34 35 37 38 39 40 41 44 46 47 48 49 50 63 64 66 67 68 70 77 80 81 84 85 86 88 89 94 96 97 98 99 42
3 8 10 19 21 23 24 25 26 27 32 33 35 37 38 39 46 47 49 50 51 54 55 58 62 63 64 65 66 68 73 75 77 78 79 80 81 85 88 91 92 93 95 97 100 43
1 3 6 10 11 12 15 16 17 20 21 24 26 31 32 34 35 36 37 39 42 47 49 50 57 61 62 64 67 68 74 75 81 84 85 88 89 91 92 93 95 97 99 100 44
1 2 3 7 8 12 14 16 21 22 23 24 27 31 33 37 40 41 47 48 49 50 51 53 54 56 62 63 65 66 67 71 75 76 77 78 79 82 86 89 90 91 97 98 99 45
2 4 5 6 8 12 14 16 19 20 21 25 26 28 29 30 31 33 35 38 39 40 42 43 49 52 53 57 62 64 70 72 74 75 77 78 82 83 89 90 92 96 97 98 100 46
1 2 11 13 14 15 16 17 18 19 20 21 22 25 26 29 31 32 33 34 36 37 38 39 41 42 43 44 45 50 52 53 57 60 67 68 70 71 73 76 77 81 83 84 85 86 87 90 94 96 97 100 47
4 5 6 13 15 16 17 19 22 27 30 31 34 37 41 42 45 49 50 51 54 56 57 59 60 61 63 66 67 68 72 75 77 79 80 81 83 84 86 87 91 92 93 95 98 48
1 4 6 10 11 12 13 15 16 18 24 25 26 28 30 32 36 38 39 41 42 43 44 45 46 48 50 51 53 54 55 56 60 61 62 63 64 66 68 69 72 74 75 76 78 79 80 81 82 88 91 92 93 95 98 99 49
1 4 5 7 8 12 16 17 19 20 21 23 25 30 31 32 33 36 40 41 42 43 44 45 47 48 49 52 56 58 59 60 62 63 65 70 71 72 74 75 76 78 88 90 91 93 95 96 97 99 50
2 4 9 11 15 17 19 22 24 27 29 32 34 36 38 40 43 45 48 49 53 54 56 57 58 60 62 64 69 73 74 77 79 81 82 84 85 89 90 91 92 93 94 51
1 2 4 6 7 8 9 18 22 23 24 26 27 28 32 36 39 40 46 47 50 53 55 56 58 61 62 64 70 71 72 74 76 77 79 82 83 85 88 95 96 97 99 52
1 2 4 9 10 18 19 25 27 36 37 39 40 41 45 46 47 49 51 52 54 55 57 58 59 60 66 69 74 75 77 83 85 88 89 91 92 93 94 100 53
4 6 8 9 10 13 14 15 16 17 18 21 22 23 26 29 30 34 36 37 38 39 43 45 48 49 51 53 57 59 63 67 69 70 71 72 74 75 76 79 80 86 87 88 89 95 97 98 100 54
1 3 5 12 15 16 17 20 22 24 25 27 31 32 35 36 37 38 41 43 49 52 53 56 57 61 62 64 66 68 69 71 72 73 76 77 80 83 84 85 88 91 92 93 96 97 98 99 100 55
2 3 4 5 6 7 10 11 12 13 15 18 19 20 23 24 25 27 29 30 32 34 37 39 40 41 45 48 49 50 51 52 55 59 61 64 69 70 71 73 76 83 85 86 88 89 91 93 95 56
2 3 4 6 7 8 11 15 20 21 25 27 28 30 32 33 34 35 36 38 39 40 44 46 47 48 51 53 54 55 58 59 60 61 62 63 64 66 69 70 71 72 74 77 78 83 84 85 87 89 91 93 97 99 57
1 3 5 6 8 11 13 16 18 20 21 27 29 30 35 36 38 39 43 50 51 52 53 57 59 62 67 68 69 70 71 73 74 76 78 83 85 86 87 88 89 93 97 98 99 100 58
2 4 5 7 8 9 11 14 15 16 17 18 22 23 24 27 29 30 33 34 35 36 37 39 48 50 53 54 56 57 58 60 61 67 68 69 71 76 81 84 85 87 90 91 92 94 95 96 100 59
3 5 7 10 12 16 17 18 20 21 22 25 26 28 33 35 37 38 39 40 41 47 48 49 50 51 53 57 59 62 64 65 66 67 70 73 74 76 77 78 79 80 81 83 85 86 88 89 90 91 92 93 96 98 100 60
3 6 7 8 10 11 12 13 16 18 22 24 26 30 32 34 44 48 49 52 55 56 57 59 62 67 70 71 73 75 76 81 82 83 84 85 87 89 91 92 93 94 95 96 97 98 99 100 61
2 3 6 7 9 10 14 19 23 24 30 31 33 36 37 38 39 43 44 45 46 49 50 51 52 55 57 58 60 61 63 64 65 67 69 70 73 75 83 84 86 88 89 93 94 98 99 100 62
4 8 9 12 13 14 18 19 22 24 25 26 28 31 32 33 37 39 40 41 42 43 45 48 49 50 54 57 62 64 65 66 68 73 74 75 76 78 79 81 82 83 88 91 94 96 98 100 63
5 7 11 14 15 16 17 18 21 22 23 24 25 26 27 28 29 31 32 33 37 38 42 43 44 46 49 51 52 55 56 57 60 62 63 65 66 68 69 71 73 74 75 76 77 80 82 84 86 92 93 96 97 64
2 5 7 8 11 12 17 18 21 22 24 25 26 27 29 31 34 36 37 38 39 41 43 45 50 60 62 63 64 69 70 71 73 75 77 79 80 84 85 88 89 90 91 94 95 96 97 100 65
1 4 6 7 8 9 10 14 17 18 19 22 23 24 27 29 31 32 33 35 37 38 39 42 43 45 48 49 53 55 57 60 63 64 70 73 74 79 80 82 83 84 89 93 94 95 96 97 99 100 66
1 2 4 5 6 8 11 14 15 16 18 20 22 23 29 30 31 32 37 41 42 44 45 47 48 54 58 59 60 61 62 68 71 72 74 76 79 82 83 84 85 88 89 90 92 93 94 95 99 100 67
1 2 3 4 5 7 9 11 12 16 17 18 19 20 21 22 26 32 35 36 41 42 43 44 47 48 49 55 58 59 63 64 67 70 72 74 77 78 81 85 86 87 88 90 91 92 94 100 68
1 4 7 8 9 10 11 12 15 23 24 26 28 29 30 32 35 36 41 49 51 53 54 55 56 57 58 59 62 64 65 72 75 77 78 82 86 89 90 91 92 96 100 69
1 3 6 9 10 13 19 21 23 24 25 28 29 30 31 32 33 34 35 36 38 40 41 42 46 47 50 52 54 56 57 58 60 61 62 65 66 68 71 72 74 75 76 78 80 81 83 85 90 92 94 96 97 98 99 70
2 4 6 7 10 12 13 14 17 19 20 21 22 23 24 26 29 31 32 33 35 38 39 40 41 45 47 50 52 54 55 56 57 58 59 61 64 65 67 70 77 79 84 85 88 91 95 96 97 71
3 4 6 7 8 10 12 14 16 17 19 22 23 25 28 31 34 35 36 37 38 39 46 48 49 50 52 54 55 57 67 68 69 70 76 78 80 85 86 87 89 91 92 94 95 72
1 2 3 5 6 7 8 9 11 13 14 15 19 20 21 23 24 27 28 29 31 32 33 35 36 37 40 43 47 51 55 56 58 60 61 62 63 64 65 66 74 76 78 83 84 86 88 92 93 95 96 97 73
1 2 7 9 10 13 15 16 17 18 20 21 24 25 26 28 30 32 33 35 37 38 40 41 44 46 49 50 51 52 53 54 57 58 60 63 64 66 67 68 70 73 77 79 81 82 84 86 87 88 89 91 93 94 95 97 98 99 100 74
1 3 4 5 7 8 11 12 13 14 15 16 17 18 20 21 25 26 28 29 30 34 35 36 37 40 43 44 45 46 48 49 50 53 54 61 62 63 64 65 69 70 76 79 84 85 86 87 89 90 91 93 95 96 99 75
1 2 4 6 7 8 9 13 14 15 16 17 20 21 23 24 25 26 27 30 31 32 34 36 37 39 41 45 47 49 50 52 54 55 56 58 59 60 61 63 64 67 70 72 73 75 77 78 79 81 84 87 88 90 92 94 95 96 97 98 99 100 76
2 4 7 11 13 14 15 16 17 18 19 20 22 24 29 35 37 38 41 42 43 45 46 47 48 51 52 53 55 57 60 64 65 68 69 71 74 76 78 79 82 83 84 86 89 92 93 98 77
1 2 3 4 7 8 9 11 12 15 16 17 23 28 29 32 35 36 37 38 39 40 41 43 45 46 49 50 57 58 60 63 68 69 70 72 73 76 77 81 83 85 86 89 94 96 78
5 6 8 9 10 11 13 14 15 16 18 19 21 23 24 26 27 29 36 37 40 43 45 48 49 51 52 54 60 63 65 66 67 71 74 75 76 77 81 83 84 86 87 91 92 93 94 95 97 99 79
1 3 4 5 6 8 9 10 13 14 17 18 21 22 24 29 31 33 34 35 36 38 39 40 41 42 43 48 49 54 55 60 64 65 66 70 72 81 83 84 85 86 88 90 93 94 97 98 99 100 80
1 2 4 5 9 12 13 14 15 16 17 18 21 26 27 29 30 32 33 34 36 37 42 43 44 47 48 49 51 59 60 61 63 68 70 74 76 78 79 80 82 83 84 85 86 87 88 89 90 91 94 95 96 98 99 81
2 5 6 8 9 10 13 15 16 22 23 28 31 34 36 39 40 45 46 49 51 52 61 63 64 66 67 69 74 77 81 83 88 89 90 91 92 94 97 98 99 100 82
2 3 5 7 11 13 14 15 17 18 19 21 22 23 25 26 28 30 31 35 36 37 38 40 46 47 48 52 53 55 56 57 58 60 61 62 63 66 67 70 73 77 78 79 80 81 82 85 86 87 88 89 92 94 95 99 100 83
1 2 7 9 11 12 14 15 18 19 21 26 27 28 29 30 31 36 38 42 44 47 48 51 55 57 59 61 62 64 65 66 67 71 73 74 75 76 77 79 80 81 85 87 90 91 92 96 97 98 99 100 84
1 2 10 11 16 17 18 19 20 21 23 28 30 33 37 38 41 42 43 44 47 51 52 53 55 56 57 58 59 60 61 65 67 68 70 71 72 75 78 80 81 83 84 87 88 89 93 94 95 99 100 85
6 7 10 11 13 14 15 16 17 19 23 24 27 28 31 33 34 35 38 42 45 47 48 54 56 58 60 62 64 68 69 72 73 74 75 77 78 79 80 81 83 87 88 89 90 91 92 96 98 100 86
1 2 4 5 8 9 10 11 13 14 15 16 19 20 21 22 23 25 26 28 29 30 31 32 35 37 38 39 40 41 47 48 54 57 58 59 61 68 72 74 75 76 79 81 83 84 85 86 88 89 90 91 97 98 100 87
4 6 14 15 19 21 22 24 25 26 28 29 33 34 36 37 38 42 43 44 49 50 52 53 54 55 56 58 60 62 63 65 67 68 71 73 74 76 80 81 82 83 85 86 87 90 92 95 99 100 88
1 3 4 5 7 11 12 15 23 25 30 32 34 35 36 37 38 41 42 44 45 46 51 53 54 56 57 58 60 61 62 65 66 67 69 72 74 75 77 78 81 82 83 85 86 87 91 92 93 96 97 100 89
2 4 5 8 11 12 13 14 16 17 20 22 23 26 29 34 35 36 38 45 46 47 50 51 59 60 65 67 68 69 70 75 76 80 81 82 84 86 87 88 91 92 93 96 90
1 2 3 5 7 9 10 11 12 14 15 17 18 20 24 25 29 31 33 34 35 37 38 40 43 44 45 48 49 50 51 53 55 56 57 59 60 61 63 65 68 69 71 72 74 75 79 81 82 84 86 87 89 90 92 93 98 91
3 5 6 7 8 9 11 14 20 21 26 28 29 31 32 33 37 39 40 41 43 44 46 48 49 51 53 55 59 60 61 64 67 68 69 70 72 73 76 77 79 82 83 84 86 88 89 90 91 93 94 95 96 100 92
1 3 4 8 11 12 16 17 18 19 23 26 27 28 30 31 32 35 36 37 41 43 44 48 49 50 51 53 55 56 57 58 60 61 62 64 66 67 73 74 75 77 79 80 85 89 90 91 92 94 95 93
2 3 6 7 14 15 19 20 21 22 27 32 33 34 37 39 40 41 42 47 51 53 59 61 62 63 65 66 67 68 70 72 74 76 78 79 80 81 82 83 85 92 93 96 98 94
2 3 5 7 8 9 10 11 14 15 20 21 22 25 26 27 29 32 34 37 38 40 42 46 47 50 52 55 59 60 61 63 64 65 66 69 70 71 73 75 76 78 81 84 86 89 90 92 94 97 100 96
2 4 6 8 9 11 16 18 21 22 24 26 27 28 32 37 38 41 42 43 44 45 46 47 50 52 54 55 57 58 61 64 65 66 70 71 73 74 76 79 80 82 84 87 89 96 99 97
6 7 10 11 13 14 16 17 18 21 22 23 29 39 42 45 46 48 49 54 55 58 60 61 62 63 70 74 76 77 80 81 82 84 86 87 91 94 95 99 100 98
4 10 11 15 16 18 19 20 21 22 24 25 27 32 34 37 38 40 41 42 44 45 49 50 52 55 57 58 61 62 66 67 70 74 75 76 79 80 81 82 83 84 85 88 97 98 100 99
2 3 5 7 8 9 12 14 15 17 20 22 23 27 28 30 32 33 34 36 38 43 44 46 47 53 54 55 58 59 60 61 62 63 65 66 67 68 69 74 76 80 82 83 84 85 86 87 88 89 92 96 98 99 100
2 3 4 7 10 11 12 13 21 24 25 27 32 35 36 40 43 45 50 52 56 57 59 61 65 66 68 71 72 73 74 75 76 77 83 86 88 89 91 92 94 95 98 100
1 2 3 7 8 9 10 13 14 15 17 18 22 23 24 26 27 28 29 35 36 37 38 39 40 41 42 44 48 49 50 52 54 56 59 60 61 62 64 65 66 67 69 71 72 73 74 75 76 78 79 81 83 84 85 92 93 95 96 98
71 7 87 33 14 82 86 8 41 22 61 43 91 95 36 96 15 38 5 80 53 85 21 69 29 49 60 62 34 17 1 66 20 74 79 56 72 98 70
3 4 37 99 40 9 10 42 44 18 54 23 25 27
